[SHORT TFBS MATRIX]
MA0004.1	39864	0.88787270589403	0.0668041689897825
MA0069.1	39864	0.792722201601787	0.0358672084201077
MA0071.1	39864	0.859119671528157	0.0486547186971469
MA0074.1	39864	0.779286167983244	0.0366509105077138
MA0101.1	39864	0.89392893009453	0.0385338914763265
MA0107.1	39864	0.853798859819411	0.0473431584287053
MA0111.1	39864	0.886008282430671	0.0287478859579593
MA0115.1	39864	0.701073915445503	0.0414634458702882
MA0116.1	39864	0.84707474494589	0.0395641670230766
MA0119.1	39864	0.766557112163308	0.0476655680125004
MA0130.1	39864	0.982338447809876	0.0243301989455776
MA0142.1	39864	0.785866387560518	0.0468378899357868
MA0149.1	39864	0.714377782724265	0.0538568924534001
MA0151.1	39864	0.945471757041223	0.0662918641438893
MA0155.1	39864	0.87406258736527	0.0380363745171081
MA0159.1	39864	0.815506637580461	0.0319935471173807
MA0163.1	39864	0.819473552300168	0.0458347975418929
MA0145.2	39864	0.853527149541691	0.0362165562704489
MA0468.1	39864	0.839862852004023	0.0519637385286573
MA0515.1	39864	0.895204799825017	0.0446671937045563
MA0258.2	39864	0.821798529007644	0.0375379319507263
MA0595.1	39864	0.880084079874184	0.0428850342372979
MA0596.1	39864	0.864960348117232	0.0450922919333509
MA0599.1	39864	0.942437752801267	0.0510531127619071
MA0604.1	39864	0.861147362321105	0.0519812872844778
MA0608.1	39864	0.85557091379257	0.0482989615471558
MA0613.1	39864	0.873224669499615	0.0654879324694922
MA0614.1	39864	0.897670925581495	0.0567248626150378
MA0636.1	39864	0.802562813528878	0.0526243909029553
MA0641.1	39864	0.799375550299626	0.0469199320651869
MA0042.2	39864	0.892319928104265	0.0578751317887229
MA0033.2	39864	0.925783362815299	0.0554862401033051
MA0153.2	39864	0.768002307979922	0.0598683037592489
MA0486.2	39864	0.771374446083491	0.0503152409378624
MA0653.1	39864	0.719674099900836	0.0458296016121792
MA0655.1	39864	0.809106370680504	0.0558464362924575
MA0660.1	39864	0.800144864721498	0.066508039355176
MA0663.1	39864	0.802637654482527	0.050241869736591
MA0665.1	39864	0.835755701872597	0.0429467309849475
MA0667.1	39864	0.821903914865416	0.0476530792172675
MA0669.1	39864	0.824282175399742	0.045829479124285
MA0676.1	39864	0.87105405271172	0.0486855586292306
MA0678.1	39864	0.827499795940149	0.0474539651124666
MA0068.2	39864	0.860285963631904	0.0559466520944773
MA0512.2	39864	0.749121641286948	0.0433500597354581
MA0083.3	39864	0.714741614209985	0.0448191620029311
MA0009.2	39864	0.728401558567107	0.0398682705685514
MA0689.1	39864	0.831473948644723	0.0417730545157763
MA0691.1	39864	0.829023836885456	0.0504546574891122
MA0696.1	39864	0.789569942418809	0.044636182930272
MA0713.1	39864	0.819599567005689	0.0629422941073231
MA0715.1	39864	0.797142435375402	0.0696671139942161
MA0724.1	39864	0.862855089518657	0.0531683334779257
MA0728.1	39864	0.748607007359691	0.0507906265862715
MA0729.1	39864	0.72550579651333	0.0419163879996755
MA0730.1	39864	0.734130741832648	0.0387341642333169
MA0731.1	39864	0.695731240123016	0.0414187768635373
MA0472.2	39864	0.822792031044502	0.0488651337164205
MA0736.1	39864	0.803013781695117	0.0416988185591633
MA0737.1	39864	0.761443512961618	0.0383664760430224
MA0741.1	39864	0.886215758830467	0.0580532958865745
MA0088.2	39864	0.769809041479148	0.0392625960051655
MA0758.1	39864	0.718984975476729	0.0454038208066982
MA0770.1	39864	0.784623573800088	0.048998912638111
MA0771.1	39864	0.809776831741204	0.045048307999181
MA0773.1	39864	0.812339183843555	0.0688201602731624
MA0774.1	39864	0.892937218758931	0.0497616081301845
MA0776.1	39864	0.769065076914414	0.0422798313010043
MA0777.1	39864	0.736023179697818	0.039824877350786
MA0105.4	39864	0.751413086474508	0.0519551867452623
MA0780.1	39864	0.780317324845484	0.0670808711874768
MA0783.1	39864	0.756365725154038	0.0483185039198659
MA0787.1	39864	0.813590118420504	0.0606246802052153
MA0788.1	39864	0.808710534406871	0.0597945741761268
MA0789.1	39864	0.836316492105912	0.0647192377903782
MA0792.1	39864	0.857502075091789	0.059378429763086
MA0794.1	39864	0.784810030598469	0.0409127754193128
MA0795.1	39864	0.782694105370983	0.046211606527232
MA0796.1	39864	0.731670023227028	0.0508742165051558
MA0797.1	39864	0.762666243448091	0.0465772662294999
MA0511.2	39864	0.857545296557048	0.0443932702055794
MA0801.1	39864	0.891075022164012	0.0485621205553675
MA0803.1	39864	0.870978121472351	0.0533025899455419
MA0805.1	39864	0.870949061067399	0.053618845219961
MA0806.1	39864	0.895513300918735	0.0457842145704228
MA0807.1	39864	0.902216358563348	0.0425002864706754
MA0808.1	39864	0.904688006868499	0.0489973192420772
MA0813.1	39864	0.83523455027361	0.0522684311624847
MA0815.1	39864	0.828426366081687	0.0547048513841256
MA0816.1	39864	0.862934160673992	0.0479149970367753
MA0822.1	39864	0.755742361593685	0.0535510475356341
MA0823.1	39864	0.829607164612041	0.056499642621367
MA0826.1	39864	0.810088864910997	0.0506135651270092
MA0827.1	39864	0.849982828617299	0.0430924262259789
MA0838.1	39864	0.806544688940337	0.0461640073277106
MA0845.1	39864	0.842049402671891	0.0583488744230903
MA0032.2	39864	0.871001766979801	0.0557460732388412
MA0848.1	39864	0.910584928055304	0.0531190949581022
MA0849.1	39864	0.895840234697787	0.0572834717833273
MA0850.1	39864	0.939131358109966	0.0384345534785919
MA0855.1	39864	0.746025088806086	0.0434751796155225
MA0856.1	39864	0.756207986733938	0.0426810767698426
MA0857.1	39864	0.718944322091241	0.0469246207692398
MA0858.1	39864	0.72708635454939	0.0403003245858249
MA0860.1	39864	0.724505954452199	0.0441159361784663
MA0525.2	39864	0.722647458982459	0.0380227489518571
MA0106.3	39864	0.73168153359489	0.0361698878200923
MA0862.1	39864	0.838314222051332	0.0469433570075845
MA0863.1	39864	0.748605398315294	0.0378307300345146
MA0024.3	39864	0.788620122986541	0.0427966625461041
MA0866.1	39864	0.729106678425083	0.0511403485341863
MA0870.1	39864	0.729114555564182	0.0512248160585641
MA0872.1	39864	0.82348380976174	0.0560140639570957
MA1124.1	39864	0.750990819350213	0.0621202595731279
MA1155.1	39864	0.758353719593143	0.0425504071014666
MA1127.1	39864	0.783777469265435	0.0524041530126282
MA1129.1	39864	0.795680445009567	0.0519344402673314
MA1136.1	39864	0.808773801975156	0.0503432398806143
MA1420.1	39864	0.770105198513498	0.0376135770317685
MA1421.1	39864	0.799883098181377	0.0453833078576103
MA1468.1	39864	0.875099888820976	0.0370827265889127
MA1485.1	39864	0.790547609616146	0.0431262102757084
MA1489.1	39864	0.812026515151515	0.0750646416316422
MA1493.1	39864	0.824506437751913	0.0423502540482818
MA1509.1	39864	0.819889640686986	0.0442666284436294
MA1538.1	39864	0.758878890395455	0.0404406227902314
MA1539.1	39864	0.745227134654289	0.0414002471768436
MA1555.1	39864	0.786879806781952	0.0389034705180905
MA1556.1	39864	0.782996338470195	0.0407828936460235
MA1557.1	39864	0.806820786355894	0.0419602746246768
MA1570.1	39864	0.890327989907352	0.0393171300426828
MA1571.1	39864	0.777291917761099	0.0429690168794089
MA1572.1	39864	0.783838573958791	0.0421757450209773
MA1580.1	39864	0.819093957986741	0.0554142882163904
MA1587.1	39864	0.822391350492185	0.0630023065075454
MA1588.1	39864	0.758748411987898	0.0400774430179387
MA1594.1	39864	0.701251516069734	0.0307510583069655
MA1596.1	39864	0.820031567455565	0.0856508038116192
MA1597.1	39864	0.728495638145882	0.0395256423760652
MA0158.2	39864	0.901109277015362	0.05087972220809
MA0912.2	39864	0.860445406133309	0.0577162260312934
MA0623.2	39864	0.825866996799127	0.0483771658818712
MA2093.1	39864	0.915954217863989	0.0470563891713229
MA2094.1	39864	0.801391868993194	0.0332596145425212
MA2095.1	39864	0.826928407794267	0.0487055236710881
MA2096.1	39864	0.866084480524184	0.0495029143810461
MA1715.1	39864	0.751188556290044	0.0402347368846071
MA2097.1	39864	0.801498179840784	0.0451842989986559
MA2098.1	39864	0.86756877999565	0.0497866093047272
MA2099.1	39864	0.916251822652226	0.0520541442078482
MA1718.1	39864	0.688022913717168	0.043912561035605
MA2100.1	39864	0.667823352559605	0.0392255254971768
MA2101.1	39864	0.801997093659415	0.044900096953484
MA1684.1	39864	0.978005081547538	0.0395705133685489
MA2102.1	39864	0.819389207677078	0.0541129434572504
MA1931.1	39864	0.754322026330535	0.0410178086728003
MA1957.1	39864	0.76688523799237	0.0395455119580607
MA1962.1	39864	0.762386051106706	0.048112714081175
MA1972.1	39864	0.848231326537748	0.0380897745954387
MA1980.1	39864	0.797051194302144	0.036238856649294
MA1985.1	39864	0.768534011598112	0.0427789728366509
MA2117.1	39864	0.882457550174639	0.059946591190804
MA2118.1	39864	0.862763701514331	0.0586086993323605
MA2119.1	39864	0.912257227770649	0.057304198159268
MA2120.1	39864	0.846969311500502	0.0361153238186043
MA2121.1	39864	0.868440344173292	0.06710641619829
MA2122.1	39864	0.813053177737775	0.0504255315830739
MA2123.1	39864	0.871347266537794	0.0456992641218022
MA2124.1	39864	0.890950166226606	0.0838445082484697
MA2125.1	39864	0.893889461929792	0.0526029870036357
MA2126.1	39864	0.862249296635727	0.0601822847578585
MA0079.5	39864	0.916044126624506	0.0728606629133869
MA0509.3	39864	0.722504986362957	0.047697630353849
MA0516.3	39864	0.92387379042316	0.0643823640933941
MA0607.2	39864	0.803077149332624	0.0472903329604216
MA0685.2	39864	0.926849492067564	0.0656478593784144
MA0740.2	39864	0.928973024348039	0.0617432159748228
MA0742.2	39864	0.911403718162204	0.0710304295679404
MA0798.3	39864	0.724436195302453	0.046710011803271
MA0818.2	39864	0.819830461747511	0.048216893147649
MA0821.2	39864	0.840389098908233	0.0504786594520651
MA0831.3	39864	0.79088405219585	0.0535981825080384
MA0878.3	39864	0.8395722944634	0.05466294342837
MA0884.2	39864	0.799475332573933	0.0563354547089073
MA1511.2	39864	0.919083266822826	0.0667870533057929
MA1532.2	39864	0.772371280116342	0.0377123984616465
MA1547.2	39864	0.88473457896576	0.0582759459320451
MA1563.2	39864	0.93475083471302	0.0441184960351748
MA1573.2	39864	0.760917272451159	0.0543310551004962
MA1601.2	39864	0.804867833164516	0.0407782196383649
MA1633.2	39864	0.828131791031154	0.0537609631501744
MA2323.1	39864	0.716511025443947	0.0458612453832399
MA2324.1	39864	0.899367758038811	0.0529941266076029
MA2325.1	39864	0.836300887564583	0.0492623005739474
MA2326.1	39864	0.956789236600469	0.0652797654427532
MA2327.1	39864	0.860917515819706	0.0640697097247239
MA2328.1	39864	0.855139326961227	0.0815973179353772
MA2329.1	39864	0.847433355293664	0.0549667633203147
MA2330.1	39864	0.833011419627928	0.0577030807611858
MA2331.1	39864	0.693876178668722	0.0346263911516011
MA2332.1	39864	0.857055973150785	0.0495286770261044
MA2333.1	39864	0.862318880153464	0.0710431988049884
MA2334.1	39864	0.765364269482355	0.0413244663646968
MA2335.1	39864	0.669274117492356	0.0421633284881897
MA2336.1	39864	0.901391218337203	0.0531805751911179
MA2337.1	39864	0.95834782050989	0.0628710184341749
MA2338.1	39864	0.894666974971909	0.0548666302843648
MA2339.1	39864	0.872972975583484	0.0526990141067236
MA2340.1	39864	0.81549542569211	0.0510075742346996
MA2341.1	39864	0.923326161653956	0.0484808929112894
MA0619.2	39864	0.924226603100217	0.0688335977298067
MA0006.2	39864	0.958209556222024	0.0608374391393541
MA0854.2	39864	0.850397392714082	0.0671807381645192
MA0634.2	39864	0.925332770671599	0.0613067255420591
MA0853.2	39864	0.800910979116196	0.054385532657478
MA0690.3	39864	0.828714370486088	0.0433906809712948
MA0007.4	39864	0.755485758349115	0.0411445553646077
MA1463.2	39864	0.844676130125422	0.0704644136940985
MA0601.2	39864	0.910701122736221	0.069472674755623
MA0602.2	39864	0.869774159151525	0.0682876508713516
MA0259.2	39864	0.952109396854927	0.0610711608074472
MA1464.2	39864	0.846782663473947	0.0574905960960201
MA0603.2	39864	0.851960861891455	0.0549562306683453
MA0874.2	39864	0.831828076733363	0.0593024618280297
MA1100.3	39864	0.913847334491118	0.0441846812172945
MA1631.2	39864	0.883262355963792	0.0510506019909884
MA1632.2	39864	0.829610232948052	0.0573769245477544
MA1988.2	39864	0.881445276258908	0.0586983354374608
MA0605.3	39864	0.780939244819711	0.0589112442541012
MA0833.3	39864	0.817676319172667	0.0526097088502591
MA1466.2	39864	0.757837729224049	0.0413775162525531
MA0834.2	39864	0.769549711746157	0.0571987920805024
MA0461.3	39864	0.877344325075142	0.0477748223601376
MA1467.3	39864	0.89666307176034	0.0560383042686726
MA0591.2	39864	0.80270644563167	0.0423951561550525
MA0496.4	39864	0.821344838896437	0.0564686124468766
MA1101.3	39864	0.796503222556717	0.0505595216051892
MA1470.2	39864	0.728185255947	0.0389599135721472
MA0877.4	39864	0.906930331449721	0.0536306513493577
MA0635.2	39864	0.944572948073155	0.0450090371629517
MA0875.2	39864	0.940855698508702	0.0561843738354987
MA1471.2	39864	0.883885748124217	0.0580935911139859
MA1634.2	39864	0.879654224651125	0.0602192817273827
MA0462.3	39864	0.879748119944324	0.0600092949838248
MA0489.3	39864	0.850531738068873	0.0574472343819492
MA0488.2	39864	0.843233891240642	0.0504805789573501
MA0835.3	39864	0.882266750418666	0.0587684629518921
MA1989.2	39864	0.842138519195367	0.0534322804116483
MA0463.3	39864	0.778548014438688	0.0411633145672404
MA1472.3	39864	0.865591360453025	0.0525390788990602
MA1635.2	39864	0.904907980253999	0.0794211376695969
MA0817.2	39864	0.809103558730138	0.0515808524991269
MA0464.3	39864	0.852961609006472	0.0559453647987351
MA1928.2	39864	0.87462024800575	0.0612043143224213
MA0876.2	39864	0.951059543686876	0.0519082640114
MA0465.3	39864	0.856194119167736	0.0611444108846381
MA1473.2	39864	0.862570604725383	0.0595734619608024
MA0102.5	39864	0.820643372139357	0.0512485722107131
MA0466.4	39864	0.773682739225572	0.0467017107255095
MA0836.3	39864	0.857661122428909	0.0547798874898964
MA0837.3	39864	0.777567063575777	0.0467197684000827
MA1636.2	39864	0.81938257418928	0.0515015777662451
MA0819.3	39864	0.89099993024765	0.05061238397152
MA0018.5	39864	0.854402074795293	0.0642091312217168
MA0638.2	39864	0.790730496247727	0.0423355680794176
MA0839.2	39864	0.762242613520037	0.0409657989973411
MA1474.2	39864	0.830471382449388	0.0434654145937235
MA1475.2	39864	0.835574060464106	0.0506275211369157
MA0840.2	39864	0.793726962135733	0.0566520181941881
MA0609.3	39864	0.779059142103035	0.057651399169152
MA0467.3	39864	0.903836498351841	0.0767858424386286
MA0139.2	39864	0.822634815974181	0.0436625514406453
MA1929.2	39864	0.705262803672131	0.0366818710454257
MA1930.2	39864	0.69766199506143	0.035461915076646
MA1102.3	39864	0.888956889816363	0.0589937721062985
MA0754.3	39864	0.807964663219256	0.0545498779607353
MA0650.4	39864	0.869571992410428	0.0566972769768094
MA0901.3	39864	0.850857095206071	0.0611307970354313
MA0755.2	39864	0.811535814086871	0.0591489904426713
MA0639.2	39864	0.822861571623036	0.0545744046742587
MA0019.2	39864	0.869835401188064	0.0404297727832094
MA0879.3	39864	0.935381454294562	0.0516791142275536
MA0885.3	39864	0.839349209553767	0.0543099068868791
MA0880.2	39864	0.925034539379129	0.0611785705292558
MA0881.2	39864	0.926038062916471	0.0598314570094596
MA1476.3	39864	0.841404945322546	0.0552009079820175
MA0882.2	39864	0.927729123506121	0.0603815011197204
MA0883.2	39864	0.859884874470231	0.0503147414258793
MA1603.2	39864	0.844166588930377	0.0573471696202972
MA0610.2	39864	0.889609309328843	0.059783558485454
MA1707.2	39864	0.858037789861683	0.0492949065880121
MA1478.2	39864	0.959933953437913	0.037492237986159
MA1479.2	39864	0.823971435364108	0.04872450332764
MA1480.2	39864	0.847960216173205	0.0485243186077606
MA1481.2	39864	0.926950103424898	0.062660730903168
MA0611.3	39864	0.784339124430469	0.0594326883946889
MA0864.3	39864	0.793232209019108	0.0447961184063965
MA0469.4	39864	0.724158513419156	0.0404758793567307
MA0756.3	39864	0.835617411997212	0.053125930029699
MA0470.3	39864	0.774974805649958	0.0431301484950655
MA0471.3	39864	0.898086829611166	0.0508689318218029
MA0865.3	39864	0.864406591294051	0.0498506195487712
MA0154.5	39864	0.818675229577979	0.0515973863458725
MA1604.2	39864	0.848813878596393	0.0544634510409603
MA1637.2	39864	0.849300094904169	0.0567667809018578
MA0162.5	39864	0.853947322906134	0.0592143616516474
MA0732.2	39864	0.810033755033855	0.0613977929317641
MA0733.2	39864	0.829676003245852	0.0546186089518654
MA0598.4	39864	0.877641391229419	0.04815289886506
MA0473.4	39864	0.862719964342682	0.0505108177841017
MA1483.3	39864	0.855954545416726	0.0452473396829141
MA0640.3	39864	0.87770439796102	0.0473326822303305
MA0136.4	39864	0.898414355029824	0.047159827486342
MA0028.3	39864	0.829978398193214	0.0550109017239061
MA0800.2	39864	0.856326067200718	0.0463738902829729
MA1708.2	39864	0.897842827985577	0.0414629601935238
MA1495.2	39864	0.92917714261363	0.0529077456105343
MA1932.2	39864	0.753267565752655	0.0367773175494265
MA0779.2	39864	0.768259734689108	0.0325073911078149
MA0014.4	39864	0.856619966994621	0.049828732803413
MA0781.2	39864	0.746044609308894	0.0352892927088703
MA0686.2	39864	0.829265635890309	0.0437297212674122
MA1933.2	39864	0.760593062563422	0.0405431131562478
MA0828.3	39864	0.778560751656699	0.0554804309066745
MA0843.2	39864	0.814792728619932	0.0548391490203962
MA0759.3	39864	0.834507933858315	0.0556862331268306
MA0076.3	39864	0.881987383047152	0.0504510965177114
MA0612.3	39864	0.906530841486056	0.0697844390111767
MA0886.2	39864	0.908523001781431	0.0664926549743562
MA0027.3	39864	0.933424530621678	0.058568109433541
MA0642.3	39864	0.913524883638776	0.0545689568509989
MA0760.2	39864	0.858673612209013	0.0451089677607794
MA1934.2	39864	0.810514809066136	0.0428386927308987
MA0820.2	39864	0.962809048217717	0.0503572664396627
MA1935.2	39864	0.897443014498026	0.0365661058142622
MA1936.2	39864	0.866747020158413	0.0346409482826105
MA0480.3	39864	0.886240577109331	0.0569308191318109
MA1937.2	39864	0.830861471436402	0.0383661094974423
MA0058.4	39864	0.886479328891588	0.0598045767327257
MA1938.2	39864	0.777792553639573	0.0371080057170154
MA0048.3	39864	0.869912298050253	0.0514403911924175
MA1939.2	39864	0.756733418626923	0.0343358630931956
MA0474.4	39864	0.853712478990236	0.0460567319630572
MA0112.4	39864	0.747271499311002	0.0431520452955494
MA0592.4	39864	0.835547923304244	0.0551360836420842
MA0141.4	39864	0.81399796350679	0.0532270950506198
MA0643.2	39864	0.862860216812032	0.0486383878685942
MA0644.3	39864	0.901759153176495	0.0612534449930915
MA0098.4	39864	0.874042444559305	0.0450995674055926
MA1484.2	39864	0.870991398024988	0.04682363777117
MA0761.3	39864	0.866673270341102	0.0479690669722697
MA0762.2	39864	0.850199908698369	0.0458680350249231
MA1940.2	39864	0.798331247689987	0.0424003077158421
MA1941.2	39864	0.796236565123916	0.0419371595933946
MA1942.2	39864	0.855584186683668	0.0422437561425464
MA1943.2	39864	0.803029381951628	0.0386103748275648
MA0763.2	39864	0.863293592413059	0.0424899732204499
MA0764.4	39864	0.858316605860374	0.0506250683839629
MA0765.4	39864	0.829811781838393	0.054167555479704
MA1944.2	39864	0.808675639919725	0.0391865866718779
MA1945.2	39864	0.803276584524116	0.0416317257559361
MA1946.2	39864	0.839705771987389	0.0358556624019192
MA1947.2	39864	0.876952556082232	0.0379475967955755
MA1948.2	39864	0.813437141339701	0.0365673516047176
MA0900.3	39864	0.904027045743471	0.074531641790719
MA0645.2	39864	0.880033574464524	0.047739730693016
MA0887.2	39864	0.937966407496807	0.0535973831642107
MA0888.2	39864	0.937146423497644	0.0543652819956939
MA0156.4	39864	0.830682064441071	0.0522996617955524
MA0475.3	39864	0.857726960779592	0.0475684488113144
MA1949.2	39864	0.776873970369682	0.036509998124349
MA1950.2	39864	0.84100174957941	0.0443512943153496
MA0476.2	39864	0.863448963554405	0.0593572379129196
MA1951.2	39864	0.749813111863668	0.049533459093779
MA0099.4	39864	0.853724908752652	0.0503286748857435
MA1126.2	39864	0.806942400566532	0.0516161106604102
MA1134.2	39864	0.842309344325574	0.0535635850481899
MA1140.3	39864	0.759744041519681	0.0541389355323312
MA0490.3	39864	0.815039787822529	0.0574485178052329
MA1141.2	39864	0.846146574801707	0.0527752657619396
MA0492.2	39864	0.84066314123762	0.0493570313242886
MA0491.3	39864	0.815982843742185	0.0571859797234462
MA1135.2	39864	0.849400989550775	0.0533489688832772
MA0477.3	39864	0.827696274970752	0.0562204143343946
MA1128.2	39864	0.849436196202424	0.0517616412610246
MA1137.2	39864	0.850429560954374	0.050421734667276
MA1142.2	39864	0.891482795588114	0.0454769168145309
MA1143.2	39864	0.848468981620603	0.0468110827560805
MA0478.2	39864	0.866270389759796	0.0522010788050454
MA1130.2	39864	0.854197229547759	0.0514185834038897
MA1131.2	39864	0.814529742404673	0.0528750636119948
MA1138.2	39864	0.845479684843862	0.0547946244555668
MA1139.2	39864	0.789519533796475	0.0562610752884191
MA1144.2	39864	0.846376993316966	0.0528761483129132
MA1145.2	39864	0.810693904361182	0.0542701318567387
MA0148.5	39864	0.85190690767591	0.059501514692776
MA0047.4	39864	0.87902247353252	0.060086223424047
MA1683.2	39864	0.881698635833534	0.0617737677087506
MA0846.2	39864	0.87174711575715	0.0552125179204791
MA0031.2	39864	0.886074176752195	0.0585900210606442
MA0847.4	39864	0.858350930328853	0.0552762092838019
MA0041.3	39864	0.836003879254627	0.0575943429379962
MA1487.3	39864	0.845332669574135	0.0545509272406088
MA1606.2	39864	0.896422099939089	0.0639021754948615
MA0030.2	39864	0.855978967142394	0.056229547879216
MA0479.2	39864	0.875723664687956	0.0536629951972089
MA1952.2	39864	0.857663439680544	0.0409123410644778
MA0682.3	39864	0.918401145461684	0.0701802046806511
MA0851.2	39864	0.868434281109221	0.0587829097500079
MA0852.3	39864	0.891422784654355	0.0572088396778211
MA1103.3	39864	0.883339196629717	0.0618713742707289
MA1607.2	39864	0.8338255433282	0.0579675694478903
MA1953.2	39864	0.825450721104548	0.0401631118155154
MA1954.2	39864	0.821526576475092	0.0431155565782125
MA1955.2	39864	0.815525183980748	0.0422669850678654
MA1956.2	39864	0.808449467945708	0.0415054282900636
MA0157.4	39864	0.888256692022206	0.0583295971527592
MA0481.4	39864	0.885538717875719	0.0612446509565666
MA0593.2	39864	0.886158072869191	0.0553436614758535
MA0040.2	39864	0.856943221785996	0.0556177297721989
MA0062.4	39864	0.843206606210023	0.0475924545344023
MA0035.5	39864	0.88321886257724	0.0537168003217531
MA0140.3	39864	0.802318788148419	0.045273654434675
MA0036.4	39864	0.88283158361406	0.0599162194142255
MA0037.5	39864	0.857715940944905	0.0547079543591875
MA0482.3	39864	0.862863729842981	0.0516412926314731
MA0766.3	39864	0.898232019866071	0.0546050334919001
MA1104.3	39864	0.858592064341244	0.0553942783845401
MA0889.2	39864	0.895176353316156	0.0664882394363669
MA0890.2	39864	0.914171775905593	0.0698644611591799
MA0646.2	39864	0.831868467290256	0.0388939927699593
MA0143.5	39864	0.892319118041751	0.0548024623983888
MA0767.2	39864	0.87365230728946	0.0411213215981589
MA0038.3	39864	0.833274934870832	0.0457484360985282
MA0483.2	39864	0.87602753968189	0.0446806585816794
MA1990.2	39864	0.826259921772802	0.0454518464131296
MA0734.4	39864	0.850977277677191	0.0474817217887823
MA1491.3	39864	0.748727384931947	0.0399522741232201
MA0735.2	39864	0.72349315679397	0.0415121170737546
MA0615.2	39864	0.91015373136699	0.0488278961866586
MA0647.2	39864	0.7962223292869	0.0498765079657998
MA1105.3	39864	0.851504529438417	0.0523504438319641
MA0648.2	39864	0.927977299369115	0.0649811015157334
MA0891.2	39864	0.935118994357048	0.0566073317448898
MA0892.2	39864	0.945693109244418	0.0471539809490742
MA0893.3	39864	0.94020472943624	0.0453514549658227
MA0092.2	39864	0.911938719530148	0.0347261514024642
MA0522.4	39864	0.912824235807607	0.0531505716986898
MA1638.2	39864	0.92355296184524	0.0698510970081566
MA1099.3	39864	0.889407638868555	0.0604341685742095
MA0616.3	39864	0.847722228744074	0.0585849779800946
MA0894.2	39864	0.915793094755318	0.0714493733473956
MA0649.2	39864	0.85433442088647	0.0515388434137512
MA0739.2	39864	0.904240540516533	0.0392566168735176
MA0738.2	39864	0.977346701748132	0.0303092375928217
MA1106.2	39864	0.886943089349923	0.0628143329637691
MA0131.3	39864	0.874499739538975	0.0558843303231537
MA0043.4	39864	0.830571656140979	0.058567136809441
MA0895.2	39864	0.903641026596876	0.052263146797
MA0896.2	39864	0.838895200081264	0.0539096430154259
MA0897.2	39864	0.785256206317378	0.0501823008978662
MA0898.2	39864	0.842048814588546	0.0544745577690201
MA1991.2	39864	0.835087365538421	0.0458024084667178
MA0046.3	39864	0.783274485188858	0.0600528365990995
MA1494.2	39864	0.756095961966857	0.0410652414161214
MA0114.5	39864	0.832926975674531	0.049513595223033
MA0484.3	39864	0.836330780458022	0.0487257677329922
MA0899.2	39864	0.883232791081972	0.0563909681283901
MA0911.2	39864	0.85917691947913	0.0459567967076217
MA1496.2	39864	0.934773296750732	0.0434270624758212
MA1497.2	39864	0.917261995247963	0.0479399471504906
MA1498.3	39864	0.953292624066355	0.0484540413986626
MA0594.3	39864	0.910983051047457	0.0415766949599485
MA0902.3	39864	0.944895084414526	0.0579415534005382
MA1566.3	39864	0.853856469765385	0.0464698559782698
MA0903.2	39864	0.947781475124474	0.0521138819415583
MA1499.2	39864	0.924608998827567	0.0710094852321069
MA0904.3	39864	0.920429893481325	0.0618965928737384
MA1500.2	39864	0.931220887819994	0.0451415719312823
MA1501.2	39864	0.903230596714108	0.051772370032417
MA1502.2	39864	0.921169400232687	0.055802290080855
MA1503.2	39864	0.833655852462087	0.0519423725300418
MA0905.2	39864	0.871408510776616	0.0507245597665381
MA0651.3	39864	0.772826035195626	0.0482564562709175
MA0906.2	39864	0.811821661016884	0.04845125833132
MA0907.2	39864	0.824644548874665	0.0514242883537714
MA1504.2	39864	0.939991839999168	0.0598823625365205
MA1505.2	39864	0.940203990277882	0.0478280579151656
MA0485.3	39864	0.821475505037484	0.0532443413156761
MA1506.2	39864	0.810213411924515	0.0488045369674934
MA0908.2	39864	0.856418773393875	0.0503187203734238
MA0873.2	39864	0.82027562148296	0.0476006634378994
MA1958.2	39864	0.754610118064898	0.0412478908445844
MA0909.4	39864	0.880226691932004	0.0709945184888354
MA1507.2	39864	0.93616983296266	0.0653053902421147
MA0910.3	39864	0.921419877471341	0.0557925815869788
MA0913.3	39864	0.865143144561379	0.0582756561022415
MA1508.2	39864	0.888631182956107	0.0493339263826537
MA1992.2	39864	0.873022046079397	0.0477353759669962
MA0050.4	39864	0.824383500232632	0.0534891040068366
MA0051.2	39864	0.792713289679277	0.0429843936785682
MA1418.2	39864	0.748873499239228	0.0439965621818327
MA1419.2	39864	0.72845382495162	0.0433979560862454
MA0772.2	39864	0.798170971707356	0.0483663061532318
MA0652.2	39864	0.744801094556245	0.0445600316266204
MA1608.2	39864	0.875646131387431	0.0557235686374173
MA0914.2	39864	0.948584238805932	0.0447882101543009
MA0654.2	39864	0.910086973717858	0.0736806420482384
MA0656.2	39864	0.785323351051854	0.0573277562678736
MA1132.2	39864	0.87913138682398	0.0476711136854346
MA1133.2	39864	0.798929621673378	0.0495911918124361
MA0493.3	39864	0.947613995776367	0.0619417909470248
MA1512.2	39864	0.890242389451183	0.0535314303242991
MA0657.2	39864	0.76075411950875	0.041036502620265
MA1513.2	39864	0.907856209673716	0.0864554667027289
MA1514.2	39864	0.807820433079224	0.0464108374359727
MA1515.2	39864	0.938085104757453	0.0558207860160721
MA1516.2	39864	0.87006055874857	0.0598710961106279
MA0039.5	39864	0.92030729753278	0.061861432507442
MA1517.2	39864	0.909455702503775	0.0513421679931952
MA1959.2	39864	0.936634677168488	0.0649660132454571
MA1107.3	39864	0.839824747416758	0.0529810304367409
MA0618.2	39864	0.902146457605491	0.055256240927185
MA0699.2	39864	0.924816033754003	0.0604569098492166
MA0768.3	39864	0.855869555551949	0.0529329177990038
MA1518.3	39864	0.796377826292461	0.0525123485256849
MA0700.3	39864	0.897027976619293	0.0709758029995059
MA0135.2	39864	0.832367698076342	0.0627212506726321
MA0704.2	39864	0.922263287600183	0.0546298921091189
MA1519.2	39864	0.887847215555942	0.0690336594710665
MA0658.2	39864	0.862688723792464	0.0588374723631309
MA0705.2	39864	0.931023536008202	0.0594256154456276
MA0701.3	39864	0.885398141790915	0.0633613663369941
MA0702.3	39864	0.862750282231214	0.0759490969068375
MA0703.3	39864	0.828370153181429	0.0785737781362249
MA1520.2	39864	0.782550198319634	0.0378332391608103
MA0501.2	39864	0.804144227550997	0.0451974202281358
MA0841.2	39864	0.793403455082542	0.0539090946388909
MA1521.2	39864	0.787435589134134	0.0384055968743289
MA0117.3	39864	0.847654739243388	0.0432428182617106
MA0495.4	39864	0.805757684646734	0.0481249906818626
MA0659.4	39864	0.782350032733918	0.0463888909366454
MA0089.3	39864	0.790842469161316	0.0465717299160552
MA0059.2	39864	0.826369826518308	0.0472127156459145
MA0147.4	39864	0.856223171130652	0.0558197708222996
MA1522.2	39864	0.918106099849534	0.0681939354178249
MA0029.2	39864	0.806064926836097	0.0503226260595438
MA0052.5	39864	0.842254675417517	0.0675266775666584
MA0497.2	39864	0.864600405558977	0.0576482416072205
MA0498.3	39864	0.978912798764431	0.0409527461912926
MA1639.2	39864	0.836183771463934	0.0559857273030794
MA1640.2	39864	0.833322540357083	0.0604476579661248
MA0775.2	39864	0.932227797356452	0.0460881784032344
MA0661.2	39864	0.899957437128201	0.0571949334908963
MA0706.2	39864	0.903861868233924	0.0527335719374004
MA1960.2	39864	0.818650883132284	0.0458701555155398
MA0620.4	39864	0.806488440381957	0.0522709742823573
MA0621.2	39864	0.851952883082892	0.0847302222537545
MA0662.2	39864	0.928792827845231	0.0581602295538731
MA0622.2	39864	0.854927587129574	0.073685577730582
MA0664.2	39864	0.864616281925594	0.0512660927707187
MA0825.2	39864	0.890515558859251	0.0557252194992498
MA0707.3	39864	0.945788290773805	0.0582192972781907
MA1523.2	39864	0.922665373780801	0.0452065039419894
MA1524.3	39864	0.834470164966201	0.0462445051611757
MA0666.3	39864	0.917299333867007	0.0649025250956651
MA0708.3	39864	0.920747442484702	0.0617303288286699
MA0709.2	39864	0.909910565280048	0.0697360553234732
MA1108.3	39864	0.912819463400661	0.0658485326396589
MA0100.4	39864	0.906077502460978	0.0675661704504061
MA0104.5	39864	0.837273172565029	0.0557778764358443
MA1641.2	39864	0.862271081717677	0.0550415290910049
MA0499.3	39864	0.869289476582039	0.0477248710279165
MA0500.3	39864	0.883818607775489	0.0621612270726584
MA0056.3	39864	0.872453306270587	0.0488996849125066
MA1109.2	39864	0.88461895496081	0.047940480349383
MA1993.2	39864	0.907500077412432	0.0775224752933364
MA0668.3	39864	0.88247693758458	0.0480309786989825
MA1642.2	39864	0.899647033537776	0.0535690963990354
MA0606.3	39864	0.885146188229247	0.0525806835089723
MA0624.3	39864	0.941411317982249	0.0676411222159115
MA0152.3	39864	0.87837028971984	0.0562350746414108
MA0625.3	39864	0.974536697360482	0.0340056608318967
MA1525.3	39864	0.901811472503399	0.0510270854940528
MA0150.3	39864	0.803218479999281	0.0460423732771474
MA0670.2	39864	0.892354839788615	0.0801623935029299
MA1643.2	39864	0.742293764863651	0.0446922625505189
MA0161.3	39864	0.889441792823657	0.0514165890739141
MA1527.2	39864	0.774058150388382	0.0475976601547229
MA0025.3	39864	0.834681015894075	0.0613710773737335
MA0671.2	39864	0.965662675903951	0.0296850458328943
MA1528.2	39864	0.791111276531296	0.0466818722803765
MA0778.2	39864	0.800331599140814	0.056210517828014
MA0060.4	39864	0.869486873215105	0.0562749310661069
MA0502.3	39864	0.855866471226404	0.053133084166906
MA1644.2	39864	0.885260973716303	0.0570820469095097
MA1529.2	39864	0.767682443674366	0.0460093857045063
MA1994.2	39864	0.883168653874279	0.0613571234720847
MA1645.2	39864	0.868107383512412	0.046053544837167
MA0672.2	39864	0.90787829630484	0.0432714203995329
MA2003.2	39864	0.921120760843443	0.0358518130877717
MA0063.3	39864	0.889935750014106	0.0496832037131736
MA0673.2	39864	0.930461271141038	0.0332443554212113
MA0124.3	39864	0.903473985639952	0.0468026742755584
MA0122.4	39864	0.833951325338023	0.0531864193425672
MA0674.2	39864	0.913475406451817	0.0582628868239015
MA0675.2	39864	0.945258179679368	0.0545625126571762
MA1530.2	39864	0.90583410324785	0.0526082731753645
MA0125.2	39864	0.92792517262631	0.0593464945400065
MA0710.2	39864	0.919382827958228	0.0542357091402013
MA0626.2	39864	0.877434062663947	0.0512638045644786
MA1995.2	39864	0.858655604755809	0.050894380054231
MA1531.2	39864	0.799085848931783	0.0389315528398348
MA1996.2	39864	0.923855802538383	0.0706600037296432
MA0494.2	39864	0.831991904216464	0.0372531800244157
MA1110.3	39864	0.932512744487661	0.0637765380825704
MA1146.2	39864	0.789351100324161	0.0355575904476847
MA1533.2	39864	0.813023166444637	0.0327255674261476
MA1534.2	39864	0.895863093634326	0.0478080465765964
MA1535.2	39864	0.965962329766206	0.0496498348581324
MA0504.2	39864	0.843127422687757	0.0354443746658622
MA1536.2	39864	0.979808111485353	0.026745181150537
MA0164.2	39864	0.878218398661001	0.0696535883087893
MA0017.3	39864	0.856623495485485	0.0512306595443337
MA1537.2	39864	0.780606149558534	0.0409116897706558
MA1111.2	39864	0.896556547691801	0.0547609114516463
MA0677.2	39864	0.771656498867628	0.0423750185501274
MA0113.4	39864	0.75793491814147	0.0448468526305722
MA0727.2	39864	0.758859457050502	0.044954881960534
MA1112.3	39864	0.87219717917409	0.0519788915112234
MA0160.3	39864	0.891858740689811	0.0457635751085451
MA1147.2	39864	0.803618734537927	0.0358106272003591
MA1540.3	39864	0.788702262624963	0.0491250151383533
MA0505.3	39864	0.841225289286116	0.0513645471106798
MA1541.2	39864	0.791216903957704	0.0406569206614417
MA0506.3	39864	0.803735514692853	0.0716639346401874
MA0842.3	39864	0.821992677808241	0.0441993616272102
MA1997.2	39864	0.910692342806871	0.0751545488776692
MA0679.3	39864	0.819545272078574	0.0677909204941454
MA0757.2	39864	0.783370225918641	0.0641482977526548
MA1542.2	39864	0.873436980800596	0.0435434917351887
MA1646.2	39864	0.881219097940672	0.0489090301118523
MA0711.2	39864	0.932569000143586	0.0607623620156232
MA0712.3	39864	0.908035445698401	0.0676293464878427
MA1544.2	39864	0.794650936758072	0.0491546496091988
MA1545.2	39864	0.843840794320819	0.0489734567772696
MA1961.2	39864	0.908904248093288	0.0680179121858633
MA0067.3	39864	0.789449708997225	0.0325523975985405
MA1546.2	39864	0.779429288265176	0.0351112605253598
MA0680.3	39864	0.787347192273174	0.0694242910628191
MA0070.2	39864	0.84172970960028	0.0484924368639452
MA1113.3	39864	0.828997175826369	0.06204264173849
MA1114.2	39864	0.803007023905156	0.048432743249112
MA0132.3	39864	0.930633998080514	0.066898774650671
MA0681.3	39864	0.776713134203766	0.0715895101403431
MA0714.2	39864	0.932912204364595	0.058571602214143
MA0782.3	39864	0.820771681964004	0.0521600069437544
MA1615.2	39864	0.880494638138632	0.0568607954837987
MA1548.2	39864	0.884266745588154	0.0644644603058176
MA0784.3	39864	0.758892523258272	0.0577554180391206
MA0785.2	39864	0.85069276016629	0.0597368755700033
MA0507.3	39864	0.772847130389893	0.0607339031586689
MA0627.3	39864	0.833758898060586	0.0626995386287642
MA0786.2	39864	0.845430042269257	0.061804953053529
MA0790.2	39864	0.801809928098053	0.0666040140851677
MA0683.2	39864	0.736603799904486	0.0578275980860123
MA0791.2	39864	0.796365641262903	0.067223575195103
MA1115.2	39864	0.896238366754708	0.0611075531078781
MA0628.2	39864	0.875469681246394	0.0781348543955095
MA1549.2	39864	0.89465304192923	0.054332094767264
MA0793.2	39864	0.847278539244317	0.0570955301348384
MA1148.2	39864	0.78387665195096	0.0339656192508025
MA1550.2	39864	0.782624723021576	0.0395858981705585
MA0066.2	39864	0.766831856824179	0.0317581691134954
MA0065.3	39864	0.851145813957205	0.0359977758655322
MA0508.4	39864	0.910468699086182	0.0576275986032316
MA1998.2	39864	0.857251728967976	0.0515585236642403
MA1616.2	39864	0.815791969030184	0.0435849348877091
MA1647.3	39864	0.827066184565499	0.0446311930345413
MA1999.2	39864	0.814940246402339	0.0425436093236232
MA1723.2	39864	0.842390663216566	0.0408042617901657
MA0716.2	39864	0.927762612518797	0.0639845934294853
MA0075.4	39864	0.87325971730155	0.0722399477648573
MA1618.2	39864	0.860738141921857	0.0494931398603303
MA1619.2	39864	0.873189289343411	0.0552403487016962
MA1620.2	39864	0.887273988485329	0.0538797142387459
MA1149.2	39864	0.813018718429757	0.0357892609341939
MA1552.2	39864	0.786556239275514	0.0381042857947678
MA0859.2	39864	0.744556349273847	0.0492104629974388
MA1553.2	39864	0.775195647151042	0.0396153182095133
MA0718.2	39864	0.930883882256582	0.0629839676610985
MA0717.2	39864	0.929279096176607	0.0618852579579481
MA1116.2	39864	0.946484584637671	0.0657537337099886
MA1117.2	39864	0.891400713371075	0.0473533818174501
MA0138.3	39864	0.715805784687958	0.0394775197730948
MA0600.3	39864	0.751724405592602	0.048421147860648
MA0799.3	39864	0.745288971987456	0.0478960858122656
MA0510.3	39864	0.74079722359772	0.0488370454883667
MA1724.2	39864	0.838474340424128	0.0465266233072796
MA1554.2	39864	0.912721028598195	0.0338928124906903
MA0629.2	39864	0.876353711127324	0.0427838910886186
MA0719.2	39864	0.981554676787943	0.0230506466055149
MA0072.2	39864	0.815228690524941	0.0486391926808776
MA1150.2	39864	0.863977029916093	0.0416840790808751
MA1151.2	39864	0.875353918624759	0.0393146484654979
MA0073.2	39864	0.819985594577632	0.0438651434156067
MA0002.3	39864	0.893442614931177	0.040670231443625
MA0684.3	39864	0.879969812612281	0.0511707608394951
MA1963.2	39864	0.858130381343859	0.0688239312539341
MA0743.3	39864	0.825072670774621	0.0460941270625511
MA0744.3	39864	0.823300757214968	0.0459320349515497
MA0630.2	39864	0.933204007600188	0.0634276155570358
MA0720.2	39864	0.92354625832035	0.0671711131195911
MA1118.2	39864	0.846975034405585	0.0486024896915021
MA1119.2	39864	0.802915802411149	0.0473420537950132
MA0631.2	39864	0.796048176679062	0.0456792989979817
MA2001.2	39864	0.888856985656995	0.0524189980391348
MA1964.2	39864	0.933372758520151	0.0627474498926699
MA1153.2	39864	0.905535549163309	0.0624447149436212
MA1558.2	39864	0.930781713871445	0.0546281842735493
MA0745.3	39864	0.884235239484763	0.0554768372576788
MA1559.2	39864	0.880159873410089	0.0518482300194321
MA1560.2	39864	0.841496672863783	0.0550312641596855
MA0442.3	39864	0.925018390556492	0.0699548833890177
MA0869.3	39864	0.879322524000699	0.049170502847137
MA1561.2	39864	0.801206432264578	0.0444799924971589
MA1120.2	39864	0.888703116884911	0.058719141916856
MA1562.2	39864	0.824542928757643	0.0487018514258589
MA1152.2	39864	0.948545230194301	0.0442507521975178
MA0078.3	39864	0.825098709744886	0.0495596522439525
MA0514.3	39864	0.890639368342662	0.0556605507156164
MA0867.3	39864	0.916367642481056	0.0499847952807053
MA0087.3	39864	0.868424579643161	0.0496160368784117
MA0868.3	39864	0.91572518177971	0.0545334087145895
MA0077.2	39864	0.885324121340649	0.0472466673008533
MA0746.3	39864	0.874170228822092	0.0592768676635842
MA1965.2	39864	0.974620433729158	0.0574143594419849
MA0747.2	39864	0.895621452681823	0.0458425550820667
MA1564.2	39864	0.898826037561958	0.0591343753601577
MA0080.7	39864	0.807134263632192	0.0450525420298685
MA0081.3	39864	0.817578334560765	0.0434548241116347
MA0687.2	39864	0.836431144327776	0.0397926979790502
MA0829.3	39864	0.820787693812146	0.0550411301455121
MA0084.2	39864	0.942049623534026	0.0454982458590502
MA0137.4	39864	0.879795887969726	0.0502240493570798
MA0517.2	39864	0.835425977724475	0.0459217393476804
MA1623.2	39864	0.852136542715819	0.0589891230078302
MA0144.3	39864	0.899481670883392	0.0437619317214239
MA0518.2	39864	0.884784669588862	0.0464491709037689
MA1624.2	39864	0.851344398657006	0.0530172957137766
MA0519.2	39864	0.895987621377059	0.0447293237970978
MA1625.2	39864	0.848154295595197	0.0553439842120205
MA0520.2	39864	0.870599638186513	0.0495552328353451
MA0091.2	39864	0.854809732892871	0.0447639365838423
MA0108.3	39864	0.922182096238679	0.0628970788833245
MA0802.2	39864	0.853019357847985	0.0461633663455846
MA1565.2	39864	0.869326650214266	0.0456932984261833
MA0804.2	39864	0.730139614864253	0.0397168596294605
MA0688.2	39864	0.876388371342221	0.0428211250798745
MA1567.3	39864	0.858758714447253	0.0460785567657593
MA0521.3	39864	0.914490938295942	0.0718727920101451
MA1648.2	39864	0.91408176738166	0.0529877180776532
MA0832.2	39864	0.789880314002459	0.0501070088227132
MA1568.2	39864	0.849629061973776	0.0383397055018165
MA0830.3	39864	0.897876395154209	0.0520192682539354
MA0769.3	39864	0.895781111924754	0.0599920802567919
MA0523.2	39864	0.879353894595999	0.0471279634342846
MA0632.3	39864	0.880506292737563	0.0626603335885302
MA0090.4	39864	0.842479448580025	0.0509947137824036
MA1121.2	39864	0.889933310664294	0.0517984764345074
MA0809.3	39864	0.868306525267719	0.0515007316772056
MA0810.2	39864	0.90576395506755	0.0472901448378202
MA0003.5	39864	0.872119249640818	0.0550868165660516
MA0811.2	39864	0.890143757853752	0.0468261249715044
MA0812.2	39864	0.890230926844603	0.0541862622238646
MA0524.3	39864	0.887239558432726	0.0468482879031209
MA0814.3	39864	0.87590690348073	0.0538698358351265
MA1569.2	39864	0.914147457338783	0.0593253176705844
MA1966.2	39864	0.818694067681756	0.0419707696978484
MA1967.2	39864	0.755285177644745	0.0430340976591461
MA1968.2	39864	0.840051771994153	0.0440619367683744
MA1122.2	39864	0.882007914054041	0.0594170629611184
MA0692.2	39864	0.876480349112386	0.0495394973844631
MA0871.3	39864	0.837392641615609	0.057240361480957
MA0597.3	39864	0.898444324092935	0.0523317590518907
MA1969.2	39864	0.764694084834637	0.042186921435198
MA1574.2	39864	0.82524826191032	0.0355938900397453
MA1575.2	39864	0.768752219275219	0.0402286267640961
MA1576.2	39864	0.76366298217858	0.0361021935792175
MA1577.2	39864	0.920308030467946	0.0803633517815853
MA0861.2	39864	0.766644918157847	0.0400936485526648
MA1970.2	39864	0.8525615721874	0.0573144177478422
MA1123.3	39864	0.872755761452153	0.049561988650473
MA0633.3	39864	0.907785632071185	0.0772333749806043
MA0721.2	39864	0.926523707084053	0.0625623327033019
MA0093.4	39864	0.81251329573039	0.0506087850621314
MA0526.5	39864	0.791772020808769	0.0548513936104161
MA0722.2	39864	0.910321780846484	0.0555903105848122
MA0723.3	39864	0.950659130497056	0.0432567276456193
MA0693.4	39864	0.896531958169658	0.0563791491506089
MA1578.2	39864	0.937235184474018	0.0631320405820927
MA0725.2	39864	0.888437708394982	0.0642772595197725
MA0726.2	39864	0.879508539534585	0.065905437436858
MA1627.2	39864	0.870726084600488	0.0555236927278248
MA0844.2	39864	0.800985658453499	0.0437163283649333
MA0095.4	39864	0.877596856275264	0.0563476387403449
MA0748.3	39864	0.883014971394227	0.0542101939476287
MA0749.2	39864	0.731862053120543	0.0406183388664053
MA1971.2	39864	0.871893865480941	0.0475194088036747
MA1649.2	39864	0.897431457988706	0.054182689647081
MA1650.2	39864	0.863196951911436	0.0648577547753458
MA0698.2	39864	0.828759916139001	0.0467398451271963
MA1579.2	39864	0.894989045640022	0.0536017289209186
MA0527.2	39864	0.805476271161558	0.0554460095506345
MA1581.2	39864	0.873843088478013	0.0513720165917664
MA0750.3	39864	0.864793699855431	0.0537025463698575
MA0694.2	39864	0.842179276079106	0.047026963902952
MA0695.2	39864	0.89849446960859	0.0428172350025687
MA0103.4	39864	0.945683819841322	0.0643777711847098
MA2002.2	39864	0.930029178812938	0.0447151009887946
MA1651.2	39864	0.780633125452042	0.050245361219958
MA1583.2	39864	0.874888592000773	0.0535511115765038
MA0146.3	39864	0.906359579341519	0.0577951014434609
MA1628.2	39864	0.916826393491973	0.055132105237842
MA1629.2	39864	0.865598590428254	0.0509681522930725
MA0697.3	39864	0.908965662928428	0.059284164187394
MA0751.2	39864	0.822944758670059	0.0419600783133223
MA1584.2	39864	0.789266666347945	0.0448544728036047
MA1709.2	39864	0.827804213453937	0.0507015499989429
MA1585.2	39864	0.830368837347091	0.0528721794426968
MA1973.2	39864	0.765938400238698	0.0426085056598227
MA1652.2	39864	0.877977401880006	0.0504822279321847
MA1589.2	39864	0.724101246878108	0.0371262851178845
MA1653.2	39864	0.882495816820794	0.0704509964523659
MA1654.2	39864	0.729100150969087	0.0344765879002141
MA1725.2	39864	0.852666013916619	0.0487262090899827
MA1974.2	39864	0.791109291297139	0.0584280583124167
MA1975.2	39864	0.806904877462582	0.0380884717515661
MA1710.2	39864	0.9154706267695	0.043037073958445
MA0528.3	39864	0.927412278496231	0.0636028693976336
MA1592.2	39864	0.815100372183297	0.0392497700840063
MA1630.3	39864	0.889269444474412	0.0683074976846387
MA1154.2	39864	0.773952831833235	0.0381805202916765
MA1593.2	39864	0.868933476345721	0.0524165892603697
MA1976.2	39864	0.777887194857072	0.0432350656804732
MA1977.2	39864	0.808792791560754	0.0361677074873722
MA1726.2	39864	0.841152277462525	0.0510230595711232
MA1655.2	39864	0.873331449848343	0.0482206294989213
MA1711.2	39864	0.764785524361309	0.0414754023444283
MA1978.2	39864	0.776027108836943	0.0494911489885181
MA1125.2	39864	0.90706118576161	0.0900326861108446
MA0752.2	39864	0.714353222153367	0.0433212612227097
MA1979.2	39864	0.849758932522194	0.0449266436363139
MA1727.2	39864	0.874948127275217	0.0633694195010975
MA1656.2	39864	0.839635182720085	0.0461079962835928
MA1712.2	39864	0.81458121231158	0.051831097786143
MA1981.2	39864	0.833162600947552	0.04785289281316
MA1728.2	39864	0.887368647337687	0.0523117818733633
MA1982.2	39864	0.811719500616232	0.0430426753422858
MA1983.2	39864	0.698717412620188	0.0367902571613384
MA1713.2	39864	0.837966507300171	0.069410216194975
MA1657.2	39864	0.828072642767833	0.0571455393043007
MA1984.2	39864	0.82997649570578	0.0391839757451368
MA1714.2	39864	0.768402158998334	0.033528828552507
MA1729.2	39864	0.817735268252231	0.0442079485282019
MA1599.2	39864	0.815364932613749	0.0539473865307517
MA1600.2	39864	0.767059790841208	0.0384980480704059
MA1986.2	39864	0.897217895712003	0.0631922190805046
MA1987.2	39864	0.81350982071493	0.0357790287628521
MA1730.2	39864	0.855047697966468	0.0487357772033956
MA0753.3	39864	0.84813436927762	0.0578930100643136
MA1716.2	39864	0.773030576582541	0.0396127988057043
MA1731.2	39864	0.893904285341366	0.0467789462637189
MA1717.2	39864	0.853738795755302	0.0470536565507294
MA1719.2	39864	0.775636418932493	0.04529772278466
MA1720.2	39864	0.804573435142697	0.0452776490415741
MA1721.2	39864	0.809475412593341	0.0678999199627778
MA1602.2	39864	0.811207970158062	0.0418058080471319
MA1722.2	39864	0.729373751094569	0.0343140009799837
