[SHORT TFBS MATRIX]
MA0004.1	39799	0.86076706858545	0.0675130768604926
MA0006.1	39799	0.912986994580872	0.0643857081154089
MA0019.1	39799	0.826205333146526	0.043826979341645
MA0029.1	39799	0.749810548176446	0.0575613076040803
MA0030.1	39799	0.776341066059445	0.0609116097775872
MA0031.1	39799	0.834792531644394	0.0689192293022782
MA0040.1	39799	0.80592714488142	0.0674224374383281
MA0051.1	39799	0.753292978125666	0.0473068468956011
MA0059.1	39799	0.797476780855334	0.0494878908347797
MA0066.1	39799	0.741142359188942	0.0339433891765934
MA0069.1	39799	0.768110022033532	0.0392579801072957
MA0070.1	39799	0.784698699243326	0.0534742079910133
MA0071.1	39799	0.823681220685593	0.0542904142962989
MA0072.1	39799	0.765152443812154	0.0534100093356674
MA0073.1	39799	0.795485551502028	0.0475654633268058
MA0074.1	39799	0.755927567161404	0.0392553243630405
MA0077.1	39799	0.844191654206465	0.0530757926669574
MA0084.1	39799	0.874976490602281	0.0622723512410137
MA0091.1	39799	0.813070594684014	0.0477381873354082
MA0092.1	39799	0.880754660442912	0.0387377177067585
MA0101.1	39799	0.869746634561172	0.0446807578512263
MA0107.1	39799	0.826251598382606	0.053337596457018
MA0108.2	39799	0.820035240947978	0.0575283186139937
MA0111.1	39799	0.866525050888042	0.0312497545162853
MA0115.1	39799	0.674339465809511	0.0446401730426825
MA0116.1	39799	0.826211856359028	0.0432939849542717
MA0119.1	39799	0.738840144430863	0.0499783807025969
MA0125.1	39799	0.857357922530176	0.0648104141420568
MA0130.1	39799	0.962436597183764	0.0375657665761636
MA0135.1	39799	0.777603131728273	0.0740325237353648
MA0139.1	39799	0.779258689103444	0.043412914790485
MA0142.1	39799	0.749454741746707	0.0568323771595815
MA0149.1	39799	0.68880466288519	0.0550310964013738
MA0138.2	39799	0.690156891329091	0.039406823217089
MA0002.2	39799	0.852510792697764	0.043503426402145
MA0065.2	39799	0.811589550145069	0.0373518501691817
MA0151.1	39799	0.891025400464167	0.0880283326963444
MA0155.1	39799	0.856941704000073	0.0418053326444552
MA0159.1	39799	0.797419718409062	0.0338056817256417
MA0163.1	39799	0.800276488442675	0.0510030574251328
MA0164.1	39799	0.830157186369411	0.0709363048757496
MA0259.1	39799	0.890178378103825	0.0599526010602418
MA0145.2	39799	0.836239008421157	0.0400109264898164
MA0146.2	39799	0.854888034694023	0.0643154178763841
MA0468.1	39799	0.800053287023501	0.0627929222360855
MA0476.1	39799	0.820042533986638	0.0612052688678236
MA0478.1	39799	0.822634434042919	0.0561373856240205
MA0479.1	39799	0.82030622612153	0.0568340947451003
MA0483.1	39799	0.837094354631805	0.0512003620210745
MA0488.1	39799	0.794927930947627	0.0550386450451902
MA0492.1	39799	0.79513300793632	0.0539083466569647
MA0494.1	39799	0.793880776310376	0.0348638445826803
MA0497.1	39799	0.803204941800692	0.0651079206770848
MA0501.1	39799	0.745594094391928	0.0478425039907045
MA0504.1	39799	0.823682379262548	0.0379559497129306
MA0515.1	39799	0.863477464948366	0.0524504980995013
MA0517.1	39799	0.782203015206255	0.0553052239740135
MA0518.1	39799	0.832732622419314	0.0493934505807685
MA0519.1	39799	0.847070631272184	0.0509333961801891
MA0520.1	39799	0.809381745442349	0.0537720749288685
MA0523.1	39799	0.813455853243936	0.0498563979742631
MA0527.1	39799	0.77233582115965	0.05424430171966
MA0076.2	39799	0.852681262455596	0.0548815331057234
MA0258.2	39799	0.800359371599327	0.0407070801948959
MA0150.2	39799	0.747099963962236	0.0462221441296134
MA0137.3	39799	0.825714295678277	0.0550472359611695
MA0144.2	39799	0.857664109284178	0.0496036897373518
MA0140.2	39799	0.762741820525383	0.0501273417930635
MA0591.1	39799	0.766759865887607	0.0434356202505667
MA0593.1	39799	0.825620818130624	0.0675741763062544
MA0595.1	39799	0.852383034218836	0.0462908081891644
MA0596.1	39799	0.834414788469118	0.0481684895404004
MA0599.1	39799	0.927047924194638	0.061261229653986
MA0601.1	39799	0.794190303112114	0.0936212151235148
MA0602.1	39799	0.782138970570509	0.0745587550158191
MA0603.1	39799	0.817236242459669	0.0591733638388844
MA0604.1	39799	0.8389560239927	0.0560014146472795
MA0608.1	39799	0.830960023820724	0.0539915980130247
MA0610.1	39799	0.787168273902176	0.0624179903794076
MA0613.1	39799	0.826312469139322	0.0781834994206185
MA0614.1	39799	0.853398729831482	0.0705959990393181
MA0615.1	39799	0.816818092708784	0.0436645975978716
MA0618.1	39799	0.846185515581861	0.0645113727559796
MA0619.1	39799	0.849328133984055	0.0847200759645589
MA0621.1	39799	0.762831289124654	0.0943745899697975
MA0622.1	39799	0.823563746103463	0.0727007547235645
MA0626.1	39799	0.840427018494791	0.0566525059340776
MA0628.1	39799	0.771479659537117	0.0814795083873738
MA0629.1	39799	0.793536887562328	0.0435990751262911
MA0630.1	39799	0.857944716534528	0.077022425202986
MA0631.1	39799	0.730089356802443	0.04770366953257
MA0634.1	39799	0.832951072010775	0.0674535368268618
MA0007.3	39799	0.725252117898103	0.0435862178731112
MA0635.1	39799	0.863309441219937	0.0541661051172016
MA0636.1	39799	0.775386679529298	0.057114247379525
MA0638.1	39799	0.760253632958516	0.0455710372744957
MA0639.1	39799	0.781620394407916	0.0604988822583375
MA0641.1	39799	0.779703683952253	0.0526031477996832
MA0027.2	39799	0.865942165136868	0.066874038790889
MA0643.1	39799	0.817891760660464	0.0509016905150572
MA0645.1	39799	0.851117677959387	0.0533802590142083
MA0475.2	39799	0.82911620436059	0.0533093140382044
MA0042.2	39799	0.849641361908634	0.069691524920877
MA0033.2	39799	0.882560060875155	0.0681521203463226
MA0646.1	39799	0.804647272520053	0.041846375025805
MA0647.1	39799	0.74883522804783	0.0537226726603125
MA0648.1	39799	0.83317438255856	0.0590449772844327
MA0649.1	39799	0.814377384280078	0.055321730141218
MA0131.2	39799	0.818625112169365	0.0568291057392748
MA0046.2	39799	0.732245780632003	0.071251187984661
MA0153.2	39799	0.722828797454805	0.0707599758860862
MA0486.2	39799	0.738641905836161	0.0542880361381244
MA0652.1	39799	0.716015937553245	0.0482011458863265
MA0653.1	39799	0.689433747657865	0.0499326038088356
MA0654.1	39799	0.841794373715795	0.0796815687896059
MA0655.1	39799	0.77047624766785	0.0640191730182246
MA0656.1	39799	0.738625253036839	0.0614830555875586
MA0657.1	39799	0.738973902445705	0.0438927703127869
MA0658.1	39799	0.807492878997401	0.0623441504138577
MA0660.1	39799	0.747532831793655	0.0740245195928341
MA0661.1	39799	0.83561060663439	0.0604641529229998
MA0662.1	39799	0.858161703811729	0.0668157145082785
MA0663.1	39799	0.773069456686232	0.055886249992546
MA0664.1	39799	0.795213633504216	0.056471628193497
MA0665.1	39799	0.808480615039266	0.0473012737850769
MA0667.1	39799	0.790584623478819	0.0523996414379637
MA0669.1	39799	0.792964655084685	0.0497616139010848
MA0670.1	39799	0.843750772776018	0.0636497974265013
MA0671.1	39799	0.930235197084723	0.036081221534038
MA0048.2	39799	0.828838481701364	0.0554712932578942
MA0672.1	39799	0.862760484371626	0.0462722923929158
MA0673.1	39799	0.895070712077053	0.0397425721187694
MA0674.1	39799	0.863719622850556	0.0667120547856722
MA0675.1	39799	0.870269984955671	0.0716668180770783
MA0676.1	39799	0.834806234035	0.0573210041748373
MA0677.1	39799	0.744462313765965	0.0439321485421569
MA0678.1	39799	0.793431800753211	0.0518818091168588
MA0068.2	39799	0.815797262840232	0.0694585111894568
MA0683.1	39799	0.686063577624732	0.0682507234303554
MA0512.2	39799	0.723080217297813	0.0458695652187174
MA0686.1	39799	0.801501045914176	0.0473130338565349
MA0687.1	39799	0.803944443074675	0.0451664206025417
MA0083.3	39799	0.683753363054789	0.0492256081286129
MA0009.2	39799	0.700377217838157	0.0427402523453349
MA0688.1	39799	0.819583243822852	0.0450380312163588
MA0689.1	39799	0.800500623105127	0.0471338210462513
MA0691.1	39799	0.796072181763113	0.0567805328604954
MA0692.1	39799	0.82175463144894	0.0536310095494425
MA0694.1	39799	0.796134850446038	0.0476810595778176
MA0695.1	39799	0.822148952308568	0.0442040783478052
MA0696.1	39799	0.774056677962178	0.0485855542114133
MA0698.1	39799	0.793721145529695	0.0497351977261401
MA0699.1	39799	0.846808291836898	0.0608092054081196
MA0704.1	39799	0.851887336527985	0.067095574269405
MA0705.1	39799	0.863566456773811	0.0634895696520591
MA0706.1	39799	0.841734893106741	0.0616428131708041
MA0709.1	39799	0.845530726176276	0.0773359847339451
MA0710.1	39799	0.849722615166193	0.0641923655375774
MA0124.2	39799	0.832505442814633	0.0532091799334961
MA0711.1	39799	0.858577943588064	0.059340108110792
MA0132.2	39799	0.861620157117808	0.0765960305491537
MA0713.1	39799	0.771826437670084	0.0753243821370613
MA0714.1	39799	0.853221017887652	0.0573577824944135
MA0715.1	39799	0.742240709816607	0.0845920033329208
MA0716.1	39799	0.850402884807549	0.0777967942094334
MA0717.1	39799	0.859443277756412	0.0704729710507638
MA0718.1	39799	0.837424301252875	0.072130578128145
MA0719.1	39799	0.946795985603984	0.0355077143879357
MA0720.1	39799	0.85171523284594	0.0769169732547552
MA0721.1	39799	0.855566130590664	0.0731272815166657
MA0722.1	39799	0.857800442199266	0.0655687003037415
MA0724.1	39799	0.821695157228505	0.0641557697315379
MA0725.1	39799	0.836400209011481	0.0775423652314745
MA0726.1	39799	0.820731658496279	0.0782487001854296
MA0112.3	39799	0.715181579854539	0.0436743255437102
MA0141.3	39799	0.771795882967746	0.0553464997201064
MA0017.2	39799	0.809809998955397	0.0524797026924632
MA0113.3	39799	0.72481689013109	0.0468262838081177
MA0727.1	39799	0.721287107141471	0.0469694315930629
MA0728.1	39799	0.713196802820365	0.047597604505739
MA0729.1	39799	0.694640440568129	0.0426275577915151
MA0730.1	39799	0.710850371636609	0.0409400704716121
MA0731.1	39799	0.667674885596138	0.0451439781161491
MA0472.2	39799	0.807548417814641	0.0548364801878397
MA0732.1	39799	0.78001040773951	0.0627440922942248
MA0733.1	39799	0.77973663678481	0.0504671556243801
MA0735.1	39799	0.701406526596469	0.0444528364221556
MA0736.1	39799	0.787908757443511	0.0458264518262385
MA0737.1	39799	0.742625014975242	0.0409658426567143
MA0738.1	39799	0.904763743632567	0.0417974157387892
MA0739.1	39799	0.864544605503711	0.0434251761754181
MA0741.1	39799	0.87014225461522	0.0666485006341865
MA0747.1	39799	0.869984141618066	0.0523915413344425
MA0749.1	39799	0.700686020399566	0.0437103489450822
MA0751.1	39799	0.806116921372678	0.0450576001021891
MA0088.2	39799	0.746593875703824	0.0425350857189501
MA0752.1	39799	0.678910615216635	0.0473391329135944
MA0755.1	39799	0.759477763491163	0.0669556079847289
MA0757.1	39799	0.723765862083014	0.0747268348087759
MA0758.1	39799	0.691287158016639	0.0489678608403271
MA0760.1	39799	0.831180388692198	0.0500308513940053
MA0098.3	39799	0.846202686837814	0.0512693730599357
MA0762.1	39799	0.805038384702371	0.0495739744391056
MA0763.1	39799	0.835678781143778	0.0479540159224903
MA0767.1	39799	0.835114135038694	0.0425525377798358
MA0770.1	39799	0.751974271753605	0.0532115752002857
MA0771.1	39799	0.781918617769444	0.0477167391390101
MA0772.1	39799	0.760370800067277	0.0562939875466926
MA0773.1	39799	0.757290313437366	0.0773687365424309
MA0498.2	39799	0.925704620433268	0.0538271333294877
MA0774.1	39799	0.861466944143937	0.0561608990939585
MA0775.1	39799	0.886967975769842	0.0512880825395092
MA0776.1	39799	0.742793759008199	0.0455722222573999
MA0777.1	39799	0.71183018342187	0.0427112640359677
MA0105.4	39799	0.721825334486798	0.0549032996398937
MA0778.1	39799	0.755555688488368	0.0557435262380696
MA0779.1	39799	0.74830491000998	0.0342736623307319
MA0780.1	39799	0.72955018102434	0.0785432273152439
MA0781.1	39799	0.722401827973333	0.0369300672085887
MA0783.1	39799	0.723242973735619	0.0518259548418352
MA0785.1	39799	0.780709544105984	0.0701521055887241
MA0786.1	39799	0.777174988643186	0.0748436584609248
MA0787.1	39799	0.767576226315506	0.0729299662983308
MA0788.1	39799	0.76197082024547	0.0731428594874053
MA0789.1	39799	0.788710078431516	0.0762561481015541
MA0790.1	39799	0.729160461730716	0.0778593866190226
MA0791.1	39799	0.709140451630356	0.0752768579652545
MA0792.1	39799	0.813076378909386	0.0715071593881432
MA0793.1	39799	0.799947717780531	0.0667442910490662
MA0794.1	39799	0.758834507676622	0.044107409865027
MA0600.2	39799	0.716760501666511	0.0511938561345567
MA0795.1	39799	0.7526334085924	0.0501588566330225
MA0796.1	39799	0.697244924461342	0.0548794860225558
MA0797.1	39799	0.731126686817543	0.0505028578836237
MA0510.2	39799	0.710942265621951	0.051004737530284
MA0511.2	39799	0.830853276885344	0.0481626418740913
MA0800.1	39799	0.785972456753022	0.0470365082751706
MA0801.1	39799	0.856798635871173	0.0507282384202675
MA0802.1	39799	0.802263731386627	0.0497624860867251
MA0803.1	39799	0.834916308453954	0.0545436408234719
MA0804.1	39799	0.683246126584668	0.0419658865269449
MA0805.1	39799	0.833127462687475	0.0562847860638592
MA0806.1	39799	0.862482470948199	0.0487361887255529
MA0807.1	39799	0.872038958620734	0.045812851066181
MA0808.1	39799	0.870334917344194	0.0545748480384192
MA0810.1	39799	0.873051039236231	0.0503873219605727
MA0811.1	39799	0.857235393492817	0.0485081698565607
MA0812.1	39799	0.853282211933704	0.0545272706984823
MA0813.1	39799	0.815684297515246	0.0576215228009385
MA0524.2	39799	0.853348330137576	0.0482350378296264
MA0815.1	39799	0.809032062368141	0.0604448252831715
MA0816.1	39799	0.837584440303259	0.0526172091003149
MA0461.2	39799	0.8238190951117	0.0489427390135713
MA0464.2	39799	0.809358105961223	0.0606962055485818
MA0817.1	39799	0.761014027023243	0.0558554697237136
MA0820.1	39799	0.864088825816682	0.0493368292738343
MA0822.1	39799	0.730217675246119	0.0549177366952139
MA0823.1	39799	0.805267779606663	0.0621834270741061
MA0058.3	39799	0.823320650181448	0.0606988055284651
MA0825.1	39799	0.834801320263322	0.0581438884828283
MA0826.1	39799	0.774224772068402	0.0551461034487308
MA0827.1	39799	0.819283659162606	0.0469203360115449
MA0832.1	39799	0.738174247143534	0.0497228172546406
MA0834.1	39799	0.72784402692257	0.0600676344802575
MA0838.1	39799	0.775372520553013	0.0512383483381591
MA0839.1	39799	0.737152513011653	0.0436350176850614
MA0840.1	39799	0.756495692805186	0.0624762641884622
MA0117.2	39799	0.813118994249062	0.047883407010038
MA0841.1	39799	0.756424818050986	0.0577339522175297
MA0843.1	39799	0.770714903666329	0.0588311004836325
MA0844.1	39799	0.754030145483063	0.0438102199461613
MA0845.1	39799	0.796470333688722	0.0701092101301036
MA0032.2	39799	0.825658407356251	0.0692283683377016
MA0846.1	39799	0.818713173999899	0.0698773403643349
MA0848.1	39799	0.869864425643954	0.06577287928192
MA0849.1	39799	0.853977647096342	0.0686778120137913
MA0850.1	39799	0.908526158992667	0.0493780740431854
MA0851.1	39799	0.780444724844842	0.0667259241899704
MA0853.1	39799	0.74116175831335	0.0581662632413276
MA0854.1	39799	0.743411383432461	0.06199093986959
MA0855.1	39799	0.719904823072116	0.0460275948978905
MA0856.1	39799	0.730044144843413	0.0454300800630518
MA0857.1	39799	0.684104059189035	0.0477360731172097
MA0858.1	39799	0.70098739293898	0.0433872346951134
MA0859.1	39799	0.703833692755682	0.0480944633807498
MA0860.1	39799	0.695358290298229	0.0443296121364886
MA0525.2	39799	0.696719009236053	0.0408209662312305
MA0106.3	39799	0.708006645644981	0.0387578462066808
MA0861.1	39799	0.742536240466184	0.0401686901892991
MA0862.1	39799	0.812862521024628	0.0522038054687925
MA0863.1	39799	0.728965803306976	0.0401584619027348
MA0024.3	39799	0.769496347024443	0.0465190784518192
MA0866.1	39799	0.691778351358264	0.0576163950840246
MA0870.1	39799	0.692521128918952	0.0572967298972693
MA0872.1	39799	0.803817769567407	0.0618150556066492
MA0028.2	39799	0.805085474532052	0.0598193667105637
MA0873.1	39799	0.783536973960763	0.0531303510777774
MA0874.1	39799	0.733372990505546	0.0585046147676588
MA0875.1	39799	0.879744886622996	0.0686454550545856
MA0876.1	39799	0.886468093537136	0.0651010729897378
MA0880.1	39799	0.869989475649639	0.0705917461188902
MA0881.1	39799	0.871524935511359	0.0676547425872755
MA0882.1	39799	0.869547198031288	0.0695771750455497
MA0883.1	39799	0.784728111634201	0.0494077665827043
MA0886.1	39799	0.82424619839846	0.0684679068896994
MA0887.1	39799	0.853767347317405	0.057638051490504
MA0888.1	39799	0.850906271130817	0.0582770525649923
MA0889.1	39799	0.817541424547288	0.0659938066007963
MA0890.1	39799	0.831848485193061	0.0712162978708436
MA0891.1	39799	0.850304742681171	0.0521320679000394
MA0892.1	39799	0.86586463842841	0.0552152842860061
MA0894.1	39799	0.827129248554779	0.0738684727179424
MA0895.1	39799	0.83203506698659	0.0518233741031468
MA0896.1	39799	0.758409715921061	0.0493890746211694
MA0897.1	39799	0.736140425232502	0.0542117173041579
MA0898.1	39799	0.734059382604003	0.0545888062610083
MA0899.1	39799	0.823687638195385	0.0691866018101259
MA0903.1	39799	0.870891109786992	0.0645508789596718
MA0905.1	39799	0.827694651633731	0.0616592801726802
MA0906.1	39799	0.77536851440145	0.0555098194207186
MA0907.1	39799	0.777868673795961	0.0585708981369689
MA0908.1	39799	0.811731222588978	0.061785935279092
MA0911.1	39799	0.797395547525399	0.0530294917212964
MA0914.1	39799	0.866052114823436	0.053654737406305
MA0852.2	39799	0.792420787364965	0.0582968060809486
MA0036.3	39799	0.818990721459335	0.0656161340692312
MA1106.1	39799	0.833564855491429	0.0592614794305794
MA0147.3	39799	0.807294873245449	0.0592369849571993
MA0100.3	39799	0.864489886224099	0.0552259900382994
MA0104.4	39799	0.78794205787959	0.0578374211364639
MA1109.1	39799	0.824382700631985	0.0496945080139612
MA0161.2	39799	0.833723524161863	0.0575813979654416
MA0060.3	39799	0.818537220001967	0.0629129004676339
MA1111.1	39799	0.822373310330361	0.0586234434083638
MA0014.3	39799	0.812796285691935	0.0495098227612423
MA1114.1	39799	0.757482298383154	0.0487306817725944
MA1115.1	39799	0.808994829936532	0.0747296224226122
MA1116.1	39799	0.88823812780953	0.0624803479325923
MA1117.1	39799	0.824333411434197	0.0508961259804715
MA1118.1	39799	0.788613846010011	0.0522385736025649
MA1119.1	39799	0.737553807183959	0.0486428614474114
MA0442.2	39799	0.8495673127518	0.0633829187910084
MA1120.1	39799	0.829441661071626	0.0626443184553324
MA1121.1	39799	0.802172846247471	0.0524637293023131
MA1122.1	39799	0.849000714115229	0.0660875699324891
MA0750.2	39799	0.829681188764765	0.0578889671720164
MA0103.3	39799	0.873739317876347	0.0585907520720885
MA1124.1	39799	0.709843519861915	0.0640586262316105
MA1125.1	39799	0.802034261927967	0.113345458252445
MA1154.1	39799	0.740317968377225	0.0392064199342705
MA1155.1	39799	0.731059836785944	0.0455291289740421
MA0099.3	39799	0.811360086784195	0.0573713107987613
MA1126.1	39799	0.748766599346504	0.050338272524246
MA1127.1	39799	0.753718506153644	0.0603533660391476
MA1128.1	39799	0.799642281996922	0.0566783523334015
MA1129.1	39799	0.765366981881988	0.0597201271512349
MA1130.1	39799	0.806243841125917	0.0574844939042545
MA1131.1	39799	0.77772891282177	0.0591100177235157
MA1132.1	39799	0.818227565583518	0.0519678625163425
MA1133.1	39799	0.770511050561901	0.0561773602459417
MA1134.1	39799	0.790384883481577	0.0583154613396458
MA1135.1	39799	0.805278949820804	0.0597746923447332
MA1136.1	39799	0.780338706453924	0.0575518208097442
MA1137.1	39799	0.797331247850779	0.0549945349920809
MA1138.1	39799	0.800254580788803	0.0619749814523646
MA1139.1	39799	0.748706898628214	0.0624758852273303
MA1141.1	39799	0.791523732000058	0.0567775985819429
MA1142.1	39799	0.833394877631064	0.0539530568949286
MA1143.1	39799	0.809946393507367	0.053464954755821
MA1144.1	39799	0.801552107200958	0.0595309510060698
MA1145.1	39799	0.756550121597135	0.0570433438921862
MA1146.1	39799	0.757684296547054	0.0366863875047896
MA1147.1	39799	0.773460591660424	0.0369158910212054
MA1148.1	39799	0.759258688258912	0.0363695829753002
MA1149.1	39799	0.790671898664271	0.0375230681184713
MA1150.1	39799	0.826487873123201	0.0476106299032772
MA1151.1	39799	0.831690248210838	0.0440445763863056
MA1152.1	39799	0.86729433523785	0.0622033497760197
MA1153.1	39799	0.855946815849453	0.0584274366105238
MA1418.1	39799	0.705013620036051	0.0465477414471763
MA1419.1	39799	0.700542010677525	0.0467188923505862
MA1420.1	39799	0.746392004502757	0.0415678913543717
MA1421.1	39799	0.767627417269757	0.0519061183055964
MA1463.1	39799	0.775543615886024	0.0818413756686049
MA1464.1	39799	0.803579229712174	0.0620664453339263
MA1466.1	39799	0.73567256932545	0.045067237273212
MA1468.1	39799	0.850045804243	0.040471470245999
MA1101.2	39799	0.709793918499087	0.0502379585412546
MA1470.1	39799	0.694996352749434	0.0439550953786387
MA1471.1	39799	0.814361326127189	0.0729099822455403
MA1473.1	39799	0.793126756629683	0.064393748774704
MA1474.1	39799	0.794882345464469	0.0463195166694008
MA1475.1	39799	0.780006827397524	0.053159971428899
MA1478.1	39799	0.805270872759009	0.0523425094181994
MA1479.1	39799	0.775101942770043	0.0551909086977527
MA1480.1	39799	0.804707303185758	0.0546185997779164
MA1481.1	39799	0.859483575244718	0.0730683627042551
MA1484.1	39799	0.848268626617163	0.0517501517702395
MA1485.1	39799	0.770159807119096	0.0465433272534128
MA1489.1	39799	0.765807557978844	0.0825155022290354
MA1493.1	39799	0.801173951588093	0.0450896466806062
MA1494.1	39799	0.727777673075336	0.0437125895633688
MA1495.1	39799	0.86947987487463	0.060905524460773
MA1496.1	39799	0.895335844869989	0.049488594554784
MA1497.1	39799	0.847879048838827	0.0532700803465203
MA1499.1	39799	0.855618063792985	0.0736538704800135
MA1500.1	39799	0.888164196625888	0.0528466948630502
MA1501.1	39799	0.835973014485793	0.0505908376475474
MA1502.1	39799	0.867426451494308	0.0661143034502345
MA1503.1	39799	0.789096771480285	0.0593871573788439
MA1504.1	39799	0.882962061060591	0.0703425535337835
MA1505.1	39799	0.87240389856812	0.0586213163338563
MA1506.1	39799	0.774667584867148	0.0547972395952578
MA1507.1	39799	0.875521516688944	0.0723158719684016
MA1508.1	39799	0.831452016788004	0.0525702605044785
MA1509.1	39799	0.792128657596809	0.0484475111279841
MA1512.1	39799	0.864532526532569	0.0618465159484836
MA1513.1	39799	0.858715440691953	0.0998624012309824
MA1514.1	39799	0.782364610383662	0.0507479745820044
MA1515.1	39799	0.893776507697777	0.0619300211064298
MA1516.1	39799	0.84554433286177	0.0613005282204282
MA1517.1	39799	0.879767013067554	0.0580610322875466
MA1519.1	39799	0.830505516911331	0.077773091517286
MA1520.1	39799	0.750773397290149	0.0408334405911633
MA1521.1	39799	0.760494984487029	0.0409884817939445
MA1522.1	39799	0.877448880560466	0.0763554739659084
MA1523.1	39799	0.848239977968518	0.0473026099986408
MA1527.1	39799	0.743338101792305	0.0506722178098789
MA1528.1	39799	0.756720817540225	0.0496701206381948
MA1529.1	39799	0.736232681500766	0.0482878199995263
MA1530.1	39799	0.854706649430117	0.0607209133766446
MA1531.1	39799	0.773551262944556	0.0404659311778638
MA1533.1	39799	0.785354437965869	0.0340176026476651
MA1534.1	39799	0.841190308154127	0.0528904797582671
MA1535.1	39799	0.910258905375941	0.0557777209581638
MA1536.1	39799	0.947032347387503	0.0356766835449702
MA1537.1	39799	0.753509058554255	0.0421773013758209
MA1538.1	39799	0.736653188696187	0.0425740589424193
MA1539.1	39799	0.721987740536604	0.0434431500933409
MA1541.1	39799	0.748238172027903	0.0420516909186789
MA1542.1	39799	0.833861686141378	0.0445697004353336
MA1544.1	39799	0.747285057724341	0.049436499792592
MA1545.1	39799	0.786721335567033	0.0473915383436542
MA1546.1	39799	0.748930672145518	0.0372666176130416
MA1548.1	39799	0.846136878691785	0.0691112602215778
MA1549.1	39799	0.834081568227073	0.0583461955804265
MA1550.1	39799	0.752953624535672	0.0416786379355887
MA1552.1	39799	0.754577566585124	0.040097125539022
MA1553.1	39799	0.74138389312083	0.0413066823813466
MA1554.1	39799	0.884399743377813	0.0375107517177101
MA1555.1	39799	0.763680306241282	0.0419883714600356
MA1556.1	39799	0.760138864211192	0.0439832409350144
MA1557.1	39799	0.781496863602808	0.0451283592150962
MA1558.1	39799	0.875375353342374	0.0524402747039335
MA1559.1	39799	0.836015901868135	0.0513137919868061
MA1560.1	39799	0.801939067819484	0.0593163963623287
MA1561.1	39799	0.765298274690102	0.0494688980412593
MA1562.1	39799	0.779112249567834	0.0537297021023784
MA1564.1	39799	0.864451551720109	0.0656736543612095
MA1565.1	39799	0.815687643979629	0.0447456325031372
MA1568.1	39799	0.810582514725234	0.0384298502978324
MA1569.1	39799	0.875821552159226	0.0638208186154166
MA1570.1	39799	0.8611300803512	0.0473341524194342
MA1571.1	39799	0.74930679500841	0.046412271206266
MA1572.1	39799	0.756419543672986	0.0458820506785882
MA1574.1	39799	0.798644808495632	0.0375941997517148
MA1575.1	39799	0.738928247095034	0.0411156449719954
MA1576.1	39799	0.737998551148904	0.0365253134870818
MA1577.1	39799	0.842553036555341	0.0880187816582264
MA1578.1	39799	0.867349560913669	0.0604573155834984
MA1579.1	39799	0.82673265377292	0.055324267448338
MA1580.1	39799	0.777680238029976	0.0619705942684324
MA1581.1	39799	0.826139713529027	0.051687997597196
MA1583.1	39799	0.821864160317691	0.0551488950886287
MA1584.1	39799	0.773771247087644	0.0494813744502974
MA1585.1	39799	0.790901122346813	0.0507366045724436
MA1587.1	39799	0.785021738639743	0.0556377455017402
MA1588.1	39799	0.727811567200471	0.0454060612110209
MA1589.1	39799	0.686568174521775	0.0373949271554946
MA1592.1	39799	0.775977334361751	0.0404926584446147
MA1593.1	39799	0.796514120244138	0.051716101944398
MA1594.1	39799	0.68055769711174	0.033237383615232
MA1596.1	39799	0.777428514814905	0.0720755932455724
MA1597.1	39799	0.70637995015795	0.0416468919067308
MA1599.1	39799	0.766243980189759	0.0538568836977105
MA1600.1	39799	0.727260973253733	0.0369811782037084
MA1602.1	39799	0.784336578485098	0.0443240860308305
MA1603.1	39799	0.757165943835305	0.0587681610985501
MA1604.1	39799	0.799362664613836	0.0552989173994203
MA1606.1	39799	0.812266670531058	0.075613994276997
MA1607.1	39799	0.775115640127453	0.0706570911000385
MA1608.1	39799	0.817591300424433	0.0607951420855991
MA1615.1	39799	0.825743017026649	0.0607346368520679
MA1616.1	39799	0.774702695576198	0.0454624452286012
MA1618.1	39799	0.817933270066912	0.0543158876412766
MA1619.1	39799	0.82787310530303	0.0578015452938492
MA1620.1	39799	0.8332982660275	0.0545235767769631
MA1621.1	39799	0.831431637862574	0.0527419633709001
MA1623.1	39799	0.789707928835684	0.0687635682456757
MA1624.1	39799	0.804276254682861	0.0581177951684126
MA1625.1	39799	0.789749247035625	0.0595336685924937
MA1627.1	39799	0.828607552606589	0.0618823311173956
MA1628.1	39799	0.869615362286639	0.0544838107659305
MA1629.1	39799	0.80506759444842	0.0502206619595943
MA1100.2	39799	0.8749250781671	0.0500028207926017
MA0605.2	39799	0.737712488120274	0.0634437773083563
MA0462.2	39799	0.790402416796875	0.0651887280418576
MA0463.2	39799	0.739041445656386	0.0437009553427638
MA0864.2	39799	0.755222718390681	0.0440026819357199
MA0469.3	39799	0.693328799838113	0.0431606171279097
MA0470.2	39799	0.747054218576461	0.0448207402859359
MA0612.2	39799	0.834836260106733	0.0721756720251579
MA0766.2	39799	0.846551124027979	0.0566966608336878
MA0038.2	39799	0.796593197135152	0.0506939163967106
MA0893.2	39799	0.892261155389092	0.0551203022648639
MA1099.2	39799	0.851736366931513	0.0658973688275553
MA0616.2	39799	0.80667592752113	0.0647561018045094
MA0900.2	39799	0.833546049656143	0.0756208784580542
MA0158.2	39799	0.86406378559564	0.0597995310880535
MA0594.2	39799	0.859318153637663	0.0465198506207104
MA0902.2	39799	0.874111876216743	0.0647882222466454
MA0904.2	39799	0.853936136813487	0.0634659316518062
MA0485.2	39799	0.779318327569141	0.0606902423292407
MA0912.2	39799	0.818712053279812	0.0664315867094783
MA0910.2	39799	0.862820908762104	0.0644513594631086
MA0913.2	39799	0.814377181818038	0.0695544913531195
MA1140.2	39799	0.719139267335112	0.0589716540348663
MA0701.2	39799	0.830650914555033	0.0719952601002622
MA0702.2	39799	0.798070579842846	0.0856521748515895
MA0703.2	39799	0.746847611838374	0.0925614548626968
MA0623.2	39799	0.79238829155338	0.0516384456074957
MA0842.2	39799	0.779396636874462	0.0486234121417508
MA0682.2	39799	0.848492311112801	0.0672635520824451
MA0075.3	39799	0.813868692184977	0.0832490527848973
MA0867.2	39799	0.86392079652778	0.0567814411516703
MA0868.2	39799	0.828789513846704	0.0592011303461849
MA0746.2	39799	0.851890123312454	0.0654795713857695
MA0632.2	39799	0.835101601978512	0.0664051881937582
MA0871.2	39799	0.795271491146175	0.0597088088888435
MA0753.2	39799	0.803307380016083	0.0645988583947398
MA0122.3	39799	0.775943907186038	0.0608244038635196
MA1707.1	39799	0.795376652221677	0.056650193317436
MA1708.1	39799	0.860421590010565	0.047939241813585
MA1709.1	39799	0.768571402890769	0.0569671640033489
MA1710.1	39799	0.880496009682948	0.0479158191298513
MA1711.1	39799	0.748544278969242	0.0453719292123062
MA1712.1	39799	0.792686547978985	0.0544017624617559
MA1713.1	39799	0.802031457827863	0.0768580181183962
MA1714.1	39799	0.741464638143707	0.0358384681577466
MA1715.1	39799	0.731508893311695	0.0427173349328368
MA1716.1	39799	0.73887765800496	0.0415682780822048
MA1717.1	39799	0.789935426103667	0.0471795253806224
MA1718.1	39799	0.65670212585971	0.0461066188252234
MA1719.1	39799	0.744600408303612	0.0454864417709712
MA1720.1	39799	0.751398005166607	0.0476916932508817
MA1721.1	39799	0.774792500283916	0.0727755863848602
MA1722.1	39799	0.706579696411681	0.0359539242435225
MA1723.1	39799	0.806821542365082	0.0460955681274192
MA1724.1	39799	0.788673636022417	0.0496542128526397
MA1631.1	39799	0.840368934481208	0.0543704974565418
MA1632.1	39799	0.780022699338774	0.06311360205091
MA1634.1	39799	0.792022071098155	0.0655389075651898
MA1635.1	39799	0.85866008920066	0.068671114261062
MA1636.1	39799	0.761484260655771	0.056767688277279
MA1637.1	39799	0.799475277115101	0.0570802553530642
MA1638.1	39799	0.864272546813459	0.0588097742792937
MA1639.1	39799	0.780523097208603	0.0635650023148556
MA1640.1	39799	0.753665830261871	0.0661154794333718
MA1641.1	39799	0.818790447449622	0.0570732246439125
MA1642.1	39799	0.832612755104376	0.0517631530447199
MA1643.1	39799	0.711769567259583	0.0462409261674503
MA1644.1	39799	0.817395341952282	0.0640791427217926
MA1645.1	39799	0.813083087969971	0.047844775564076
MA1646.1	39799	0.838772202905211	0.0513956426970657
MA1648.1	39799	0.871541964054961	0.0557797516987536
MA1649.1	39799	0.84076934658072	0.0524148621263651
MA1650.1	39799	0.819513232142211	0.0740935143742956
MA1651.1	39799	0.733017990918378	0.0520620096429135
MA1652.1	39799	0.821451770949124	0.0518244407663746
MA1653.1	39799	0.849969159672181	0.0784024704708639
MA1654.1	39799	0.700380686055635	0.0340651495678503
MA1655.1	39799	0.822157891079732	0.0506905185357595
MA1656.1	39799	0.800876956236175	0.0498597678565375
MA1657.1	39799	0.766866708165481	0.0617454703643785
MA1683.1	39799	0.81384532272669	0.0717606790623556
MA1725.1	39799	0.804834461791393	0.0473797459844957
MA1726.1	39799	0.785762583927622	0.0499667943857968
MA1727.1	39799	0.794612270194833	0.0551389699984855
MA1728.1	39799	0.836258513402979	0.0532292779551747
MA1729.1	39799	0.757155068377393	0.0481570229151437
MA1730.1	39799	0.787178377893284	0.0450744682944921
MA1731.1	39799	0.797409019561956	0.0423502256278595
MA0833.2	39799	0.763224591672702	0.0568784945164376
MA0835.2	39799	0.789931552981806	0.0639910860610518
MA0465.2	39799	0.785922432506917	0.0703754347687425
MA0102.4	39799	0.76306909874893	0.0590994020448993
MA0836.2	39799	0.777065517022144	0.0587444374319083
MA0018.4	39799	0.787295166903338	0.0682481091086024
MA1102.2	39799	0.839016084200061	0.0673124807294725
MA0471.2	39799	0.851775495528597	0.0576375335794051
MA0154.4	39799	0.781923940923684	0.0527453463372521
MA0162.4	39799	0.811470172587908	0.0711328317175691
MA0598.3	39799	0.803280547656235	0.051754477343458
MA0473.3	39799	0.807342387205597	0.0522263881631117
MA0640.2	39799	0.820201111359674	0.050567564913448
MA0592.3	39799	0.77644248536107	0.0539493444112509
MA0761.2	39799	0.813853048583081	0.0520862437407143
MA0477.2	39799	0.782331242943295	0.0634384115311774
MA0148.4	39799	0.787332771162203	0.0693149847276426
MA0047.3	39799	0.810636928382746	0.0715220905423126
MA1103.2	39799	0.81185874196181	0.071921312922828
MA0481.3	39799	0.81670517915382	0.0728572319484172
MA0062.3	39799	0.806523162821119	0.0515691848171922
MA0035.4	39799	0.808188689104174	0.0628466923868674
MA0482.2	39799	0.802923960153161	0.0579222086477373
MA1104.2	39799	0.779175878119061	0.0640384963303289
MA1105.2	39799	0.782642054881037	0.0548317425697559
MA0043.3	39799	0.771580315370434	0.063261847722725
MA0114.4	39799	0.780248262741607	0.0538936917065762
MA0484.2	39799	0.78522088981678	0.052834984523439
MA0901.2	39799	0.768167813503649	0.0787815132850494
MA0490.2	39799	0.767722156781793	0.0648967802583031
MA0491.2	39799	0.771261409102585	0.0641074832781756
MA0039.4	39799	0.879180695270853	0.0692185880229573
MA1107.2	39799	0.79446261873953	0.0586232236331503
MA0700.2	39799	0.802475872636097	0.0753793027372187
MA0495.3	39799	0.744079871366669	0.0536779046535167
MA0496.3	39799	0.746380264478743	0.0537402747094769
MA0052.4	39799	0.766643747313414	0.0788962823908327
MA0620.3	39799	0.751540219151462	0.0543436320127058
MA1108.2	39799	0.864196600576075	0.062412069660346
MA0499.2	39799	0.825487959274231	0.0498372246120758
MA0500.2	39799	0.827927355724562	0.0635149597853929
MA0056.2	39799	0.81944142679703	0.0492448758365581
MA0089.2	39799	0.737939633015724	0.0491671439038415
MA0025.2	39799	0.770730720703615	0.0689954599008812
MA0502.2	39799	0.802873293430899	0.0573969716066783
MA0063.2	39799	0.833886334405403	0.0562650486436303
MA1112.2	39799	0.819484274244906	0.0576055009013476
MA0679.2	39799	0.71769896726652	0.0796263151432937
MA0712.2	39799	0.823305769392925	0.0627513968808709
MA1113.2	39799	0.764759245809692	0.0707612944962194
MA0681.2	39799	0.703858411449183	0.0908916554331554
MA0782.2	39799	0.770416875590429	0.0529508860667513
MA0627.2	39799	0.769001757694646	0.0741262707353218
MA0508.3	39799	0.8482384648406	0.0590026499180213
MA0684.2	39799	0.823865449743993	0.0561186933276488
MA0743.2	39799	0.759291849712458	0.047375921853768
MA0744.2	39799	0.762938113133918	0.0466135196346326
MA0745.2	39799	0.81482830747815	0.0536220921518666
MA0143.4	39799	0.823655085320091	0.06123630587411
MA0081.2	39799	0.778074065478872	0.0472473686794179
MA0829.2	39799	0.769090311020681	0.0545984661722877
MA0522.3	39799	0.871701340176246	0.0552483556288787
MA0830.2	39799	0.838895197855893	0.0545745849739368
MA0769.2	39799	0.825724034889875	0.0616706088216353
MA0090.3	39799	0.792869196466547	0.053873335981124
MA0809.2	39799	0.811562240793187	0.0542420410535876
MA0003.4	39799	0.818379578326759	0.0569888327216514
MA0814.2	39799	0.824851790368782	0.0590325292871706
MA1123.2	39799	0.816934529089193	0.0525077742975696
MA0093.3	39799	0.77227866562012	0.0537605067988778
MA0748.2	39799	0.821414717046202	0.0622745583193399
MA0528.2	39799	0.856366830831058	0.0636728848482682
MA0609.2	39799	0.727017013169151	0.0591057093458444
MA1684.1	39799	0.956435397762642	0.0607692020953995
MA1928.1	39799	0.802410452441744	0.0629377293833195
MA1929.1	39799	0.68680670467746	0.0381449071234795
MA1930.1	39799	0.679119760570805	0.0368941148050199
MA1931.1	39799	0.734705732154239	0.0455877239864436
MA1932.1	39799	0.728816121417416	0.0401501777112829
MA1933.1	39799	0.744340012941562	0.0425366126256776
MA1934.1	39799	0.779371886971494	0.044048596323774
MA1935.1	39799	0.824566969466668	0.039853967667322
MA1936.1	39799	0.83480657441557	0.0370835905459831
MA1937.1	39799	0.792316466634898	0.0400576071336319
MA1938.1	39799	0.759830651627798	0.0398040566617727
MA1939.1	39799	0.735091688586235	0.0373113719177668
MA1940.1	39799	0.761921486717588	0.0442517999908037
MA1941.1	39799	0.765141646778108	0.0425860271123619
MA1942.1	39799	0.791254002127498	0.0426834894818073
MA1943.1	39799	0.76441459099029	0.0418354861174693
MA1944.1	39799	0.77821543372722	0.0402804634021499
MA1945.1	39799	0.776103886071419	0.044581311572449
MA1946.1	39799	0.809266041614669	0.0388158625611536
MA1947.1	39799	0.82672193347632	0.0399873858546059
MA1948.1	39799	0.782194496161585	0.0384897694070593
MA1949.1	39799	0.747536259876035	0.040089319148151
MA1950.1	39799	0.79229221101092	0.0472233193316617
MA1951.1	39799	0.722198646641475	0.0544629497138312
MA1952.1	39799	0.806589958108484	0.0460900984273913
MA1953.1	39799	0.79699166052505	0.0450319635915829
MA1954.1	39799	0.793068695376613	0.047338427723847
MA1955.1	39799	0.787337521172834	0.0469414681012669
MA1956.1	39799	0.77602053721636	0.0462510274692786
MA1957.1	39799	0.747453275964566	0.0435473420516371
MA1958.1	39799	0.722172358639404	0.0423898509235636
MA1959.1	39799	0.912907536105346	0.0759836623407592
MA1960.1	39799	0.782393488177447	0.050909846339339
MA1961.1	39799	0.883850707481544	0.0788598678136645
MA1962.1	39799	0.725569591186202	0.0573124766298663
MA1963.1	39799	0.767742545609606	0.0799393230492906
MA1964.1	39799	0.876552267031767	0.0576093061211773
MA1965.1	39799	0.914756937697665	0.069489214748113
MA1966.1	39799	0.786938520529157	0.0438106330819374
MA1967.1	39799	0.727087616940737	0.0446771749522631
MA1968.1	39799	0.802875390300424	0.0468188950981314
MA1969.1	39799	0.718942834067998	0.0373828830795173
MA1970.1	39799	0.789085292430328	0.0656228602503649
MA1971.1	39799	0.811474706037475	0.0465637080413966
MA1972.1	39799	0.828259779494356	0.043092829686246
MA1973.1	39799	0.736735704668615	0.0430122080416649
MA1974.1	39799	0.722559567053757	0.0623256696053968
MA1975.1	39799	0.76856841721509	0.0411472462396575
MA1976.1	39799	0.752269218939635	0.0453598108288396
MA1977.1	39799	0.756497764280369	0.0363235380910882
MA1978.1	39799	0.735929331683221	0.0605284720799406
MA1979.1	39799	0.812918757406586	0.0483127074901323
MA1980.1	39799	0.772899836963029	0.0399456815473013
MA1981.1	39799	0.797782275047456	0.0539820589247012
MA1982.1	39799	0.792728615718124	0.0461480653198583
MA1983.1	39799	0.66441520313485	0.0384323922531535
MA1984.1	39799	0.800406813709804	0.0412238857005931
MA1985.1	39799	0.752818705886681	0.0461445093648591
MA1986.1	39799	0.857426984227393	0.0667174730797436
MA1987.1	39799	0.788932180538884	0.0395217994615044
MA1988.1	39799	0.817565658647995	0.0640396296660469
MA1989.1	39799	0.777170089792242	0.0571767577196484
MA1990.1	39799	0.791106476745809	0.048171212692659
MA1991.1	39799	0.798830111321358	0.0488466102613299
MA1992.1	39799	0.810066861050183	0.0485625422899723
MA1993.1	39799	0.870256838069602	0.0655607347151148
MA1994.1	39799	0.802451065005035	0.0568895340256772
MA1995.1	39799	0.814024085413702	0.0521671548671449
MA1996.1	39799	0.857771908830159	0.0612031837586495
MA1997.1	39799	0.871457550126525	0.0667846064844578
MA1998.1	39799	0.793125301217831	0.0475452750649899
MA1999.1	39799	0.76748575996467	0.0433137821133894
MA2001.1	39799	0.812748487004319	0.0555897418872535
MA2002.1	39799	0.875008001881278	0.0468550182067746
MA2003.1	39799	0.880549391790758	0.0401370284141852
MA0037.4	39799	0.803449412573378	0.0619060686181772
MA0041.2	39799	0.771968884867161	0.0682594936247318
MA0050.3	39799	0.758957624566619	0.0613008378667014
MA0067.2	39799	0.770149039423976	0.0347575217843471
MA0078.2	39799	0.7841709010199	0.055490695369557
MA0079.5	39799	0.897930758674843	0.0839983618500645
MA0080.6	39799	0.765497998908008	0.0494557365970183
MA0087.2	39799	0.804702663357494	0.0500758469092414
MA0095.3	39799	0.806716912042752	0.062365998350136
MA0136.3	39799	0.842802093456512	0.0524373484151212
MA0152.2	39799	0.785844173265138	0.0595055218536649
MA0156.3	39799	0.799727727443415	0.0555450175106663
MA0157.3	39799	0.819861905839385	0.0675659601713427
MA0160.2	39799	0.842470235334122	0.0497689758527167
MA0466.3	39799	0.731419032505705	0.0490841842036483
MA0467.2	39799	0.838171031763059	0.0721772309852087
MA0474.3	39799	0.817190369645481	0.0501299967442942
MA0480.2	39799	0.830501653107824	0.0653200006646892
MA0489.2	39799	0.803347565436497	0.0642176287882304
MA0493.2	39799	0.924151251811993	0.0730033725191468
MA0505.2	39799	0.772689938198278	0.0505847914655104
MA0506.2	39799	0.773376621606571	0.0760357188462171
MA0507.2	39799	0.720944279561528	0.0708741813736746
MA0509.3	39799	0.699036073486161	0.0514525301196319
MA0514.2	39799	0.836880132120113	0.060152158002174
MA0516.3	39799	0.907099279285592	0.0754572719363715
MA0521.2	39799	0.842168142084995	0.063058733539583
MA0526.4	39799	0.752934381057175	0.0586148473030606
MA0606.2	39799	0.812851234763658	0.0597543251804255
MA0607.2	39799	0.770565488794723	0.0509336609628777
MA0611.2	39799	0.726492743224573	0.06603469717458
MA0624.2	39799	0.832895767249714	0.0616270119588545
MA0625.2	39799	0.913946277789518	0.0416952256417136
MA0633.2	39799	0.873108236399639	0.0697299697920935
MA0642.2	39799	0.866024978270945	0.0638904331359821
MA0644.2	39799	0.850061126297762	0.0713640703465556
MA0650.3	39799	0.804920964863853	0.0692046868393183
MA0651.2	39799	0.736472309057132	0.0541434129865762
MA0659.3	39799	0.738253597092784	0.0490335708341647
MA0666.2	39799	0.848830656800402	0.0726559356257949
MA0668.2	39799	0.811266731388185	0.0473605566180419
MA0680.2	39799	0.710650559834878	0.0835643453412978
MA0685.2	39799	0.909259528948701	0.0765801378174987
MA0690.2	39799	0.785864267145208	0.0462531923785232
MA0693.3	39799	0.835334462989778	0.060635438222615
MA0697.2	39799	0.818545339459916	0.0545271117830364
MA0707.2	39799	0.881463247473392	0.0688968462612197
MA0708.2	39799	0.855913930522955	0.0691747499708857
MA0723.2	39799	0.90052871754333	0.0545448432178638
MA0734.3	39799	0.808296055845077	0.0486111026138572
MA0740.2	39799	0.91209168563731	0.0722918109339207
MA0742.2	39799	0.893623444875256	0.0815572667870311
MA0754.2	39799	0.759254729554497	0.0602556247356122
MA0756.2	39799	0.78641965843651	0.0553834922808858
MA0759.2	39799	0.807496501095405	0.0600324977671578
MA0764.3	39799	0.833676050727359	0.0557445116624793
MA0765.3	39799	0.805517058817201	0.0591326191115355
MA0768.2	39799	0.778945717952325	0.0539742355014398
MA0784.2	39799	0.707973334374356	0.0670673829921848
MA0798.3	39799	0.702873726699557	0.0500436010039652
MA0799.2	39799	0.710845691053844	0.047534600673396
MA0818.2	39799	0.786855026947502	0.0512416436004854
MA0819.2	39799	0.839009989945796	0.051054883149828
MA0821.2	39799	0.818058505645529	0.0556049744553885
MA0828.2	39799	0.723837949401954	0.0554227827575969
MA0831.3	39799	0.761303438212473	0.0600574856529466
MA0837.2	39799	0.735316370624102	0.048977762434571
MA0847.3	39799	0.805607460020736	0.0633016422848576
MA0865.2	39799	0.802659939260689	0.045802696829506
MA0869.2	39799	0.831393348633928	0.0514528994509014
MA0877.3	39799	0.82754512821766	0.0595281468602579
MA0878.3	39799	0.799645823066688	0.063787148494504
MA0879.2	39799	0.88586591054485	0.0605853391104148
MA0884.2	39799	0.757756720914663	0.0650499491041635
MA0885.2	39799	0.789239864645685	0.0616676214228362
MA0909.3	39799	0.812696692155746	0.0793771080959275
MA1110.2	39799	0.877593709026976	0.0602596668320499
MA1467.2	39799	0.839673401973441	0.0545188264104643
MA1472.2	39799	0.82437196650716	0.0541674147390366
MA1476.2	39799	0.790285478018557	0.0628651575395867
MA1483.2	39799	0.814304857966157	0.0490349546783117
MA1487.2	39799	0.791285227380511	0.0644090007138067
MA1491.2	39799	0.728739103819366	0.0421856522800022
MA1498.2	39799	0.883056075153728	0.0589515408374752
MA1511.2	39799	0.901505549652487	0.0772432485950286
MA1518.2	39799	0.716394560777279	0.0556277288143118
MA1524.2	39799	0.782768507806765	0.0460101839926622
MA1525.2	39799	0.85277588831644	0.0563340642151218
MA1532.2	39799	0.746701023359295	0.0400177345116463
MA1547.2	39799	0.839823567860818	0.063804110606645
MA1563.2	39799	0.900420776116522	0.0543449896528567
MA1566.2	39799	0.805703061417858	0.047594870418608
MA1567.2	39799	0.815174783867268	0.0473261804905079
MA1573.2	39799	0.734087767864104	0.0585511703054938
MA1601.2	39799	0.780050603070564	0.0435624732027481
MA1630.2	39799	0.862559500618613	0.0758530615093791
MA1633.2	39799	0.792133959110507	0.0615862948905307
MA1647.2	39799	0.759089966268417	0.0448310132161676
MA0597.2	39799	0.845657574114771	0.0558836863595668
MA1540.2	39799	0.734337509418536	0.0487758470400769
