[SHORT TFBS MATRIX]
MA0004.1	39805	0.859869768921325	0.0677079432846067
MA0006.1	39805	0.911579607372368	0.0643605823859141
MA0019.1	39805	0.827460254557117	0.0441140253958089
MA0029.1	39805	0.752587585281102	0.0572148944278076
MA0030.1	39805	0.779311472858035	0.0603412432504681
MA0031.1	39805	0.837629910451158	0.0682324235231678
MA0040.1	39805	0.809697303693703	0.0667634375736066
MA0051.1	39805	0.754437079009048	0.046967985895558
MA0059.1	39805	0.796978307490659	0.0497913703224678
MA0066.1	39805	0.74182370088314	0.0337380631041745
MA0069.1	39805	0.769061674069186	0.0391442827929333
MA0070.1	39805	0.786759241922847	0.0531711756620958
MA0071.1	39805	0.825605887948622	0.0542225847338264
MA0072.1	39805	0.767644776230719	0.0531292739786831
MA0073.1	39805	0.795766876053388	0.0479862769151825
MA0074.1	39805	0.756747013062721	0.0392097371191731
MA0077.1	39805	0.845866016551526	0.0526309895520173
MA0084.1	39805	0.878149991937909	0.0616828626931948
MA0091.1	39805	0.813185678133495	0.0477493471639943
MA0092.1	39805	0.881044824514095	0.0387914918457186
MA0101.1	39805	0.870482929383456	0.0444689666002971
MA0107.1	39805	0.826827065332433	0.0533386277416609
MA0108.2	39805	0.82294547367641	0.0567918263572912
MA0111.1	39805	0.867073158930383	0.0314023122930231
MA0115.1	39805	0.675579988184361	0.0444950760766965
MA0116.1	39805	0.826312786719537	0.0437298623518867
MA0119.1	39805	0.738554323111406	0.0505821014877147
MA0125.1	39805	0.860537242727236	0.0644231004567186
MA0130.1	39805	0.962277248649899	0.0379746255132155
MA0135.1	39805	0.782439464407788	0.0737921114841419
MA0139.1	39805	0.77746019174449	0.0440523873007189
MA0142.1	39805	0.75236637737236	0.0565604141993091
MA0149.1	39805	0.688488086357508	0.055518743320721
MA0138.2	39805	0.688823826345608	0.0397692264323933
MA0002.2	39805	0.852460559609933	0.0435583929411968
MA0065.2	39805	0.811720250037865	0.0374537014869542
MA0151.1	39805	0.896383278813283	0.0871559258009373
MA0155.1	39805	0.856624886360627	0.0422993439692142
MA0159.1	39805	0.797479909125657	0.0338522318851632
MA0163.1	39805	0.800258762214928	0.0516605933131278
MA0164.1	39805	0.83193916427365	0.0702578969193666
MA0259.1	39805	0.889016819079005	0.0602074406077906
MA0145.2	39805	0.834589436678445	0.0404342282665514
MA0146.2	39805	0.853472498410738	0.0655582908961969
MA0468.1	39805	0.803216589062191	0.0623039447313849
MA0476.1	39805	0.821268206419928	0.0604762731151834
MA0478.1	39805	0.823371893625261	0.0560417256737644
MA0479.1	39805	0.822071587528236	0.0564181253047135
MA0483.1	39805	0.838474153704629	0.0507990306196651
MA0488.1	39805	0.796192212920949	0.0545514315933629
MA0492.1	39805	0.796545359298738	0.0533456344909829
MA0494.1	39805	0.795260865998422	0.0349609246969695
MA0497.1	39805	0.807685176060335	0.0651342743981368
MA0501.1	39805	0.746236239177313	0.0473535437859899
MA0504.1	39805	0.82360088385842	0.0382396133024611
MA0515.1	39805	0.864731792834354	0.0518679659413543
MA0517.1	39805	0.783935075491022	0.0547423286649718
MA0518.1	39805	0.833345686029602	0.0491361587813536
MA0519.1	39805	0.848130074521838	0.0507123860202558
MA0520.1	39805	0.81096248083106	0.0534637850942697
MA0523.1	39805	0.815386335241048	0.0493645456308046
MA0527.1	39805	0.769939323554268	0.054249821173157
MA0076.2	39805	0.849212329803862	0.0540622234234262
MA0258.2	39805	0.800450410151384	0.0408558367381665
MA0150.2	39805	0.746917911914804	0.0461037351335484
MA0137.3	39805	0.826750142832858	0.0546816193608629
MA0144.2	39805	0.858521070809901	0.0491904045859232
MA0140.2	39805	0.764076533637623	0.0500383961572748
MA0591.1	39805	0.765535417761691	0.043663486008715
MA0593.1	39805	0.828715916443155	0.0669920594929426
MA0595.1	39805	0.85262035939719	0.0467893488023919
MA0596.1	39805	0.835022887276167	0.04847603369999
MA0599.1	39805	0.926615649721762	0.0619240257519506
MA0601.1	39805	0.800291418911044	0.0929447779819352
MA0602.1	39805	0.786780855175895	0.0747461589937212
MA0603.1	39805	0.816816557786945	0.0589799239756791
MA0604.1	39805	0.838190010517551	0.0554711031314626
MA0608.1	39805	0.830161293551871	0.0540690867028044
MA0610.1	39805	0.789555556742238	0.0624040827685012
MA0613.1	39805	0.829766853353934	0.0774151014860966
MA0614.1	39805	0.856580054331283	0.0698070941671897
MA0615.1	39805	0.815364847080329	0.0436301505402394
MA0618.1	39805	0.849585695891205	0.0642644082774041
MA0619.1	39805	0.854060565763127	0.0840680611005731
MA0621.1	39805	0.768602127996852	0.0939608511882662
MA0622.1	39805	0.822797941673669	0.0730250913340251
MA0626.1	39805	0.840524499398012	0.0565919617280144
MA0628.1	39805	0.776477223204579	0.0811417723189814
MA0629.1	39805	0.794732040348434	0.0433308668677963
MA0630.1	39805	0.86209321319819	0.0765175613785213
MA0631.1	39805	0.732825018644466	0.0477925676734725
MA0634.1	39805	0.836585577128399	0.0671996146770055
MA0007.3	39805	0.725472459083801	0.0436947829787093
MA0635.1	39805	0.865948473871514	0.0537507783359005
MA0636.1	39805	0.775050606973645	0.0571846876777656
MA0638.1	39805	0.759250147151734	0.0452517124340055
MA0639.1	39805	0.78390434367647	0.0604501399785316
MA0641.1	39805	0.777197894203037	0.051249923700577
MA0027.2	39805	0.868812786786548	0.0663280269838648
MA0643.1	39805	0.819127872887949	0.0510025589000465
MA0645.1	39805	0.848308558803244	0.0526391218429158
MA0475.2	39805	0.82663046368424	0.0523542511362629
MA0042.2	39805	0.852267750251344	0.0690263728316193
MA0033.2	39805	0.885494323856268	0.0676223517566628
MA0646.1	39805	0.803649361904343	0.0421535960370367
MA0647.1	39805	0.750814037603669	0.0535582281325489
MA0648.1	39805	0.836388833046999	0.0587335974097323
MA0649.1	39805	0.813000426310337	0.0560282302098437
MA0131.2	39805	0.815537031256177	0.0568415898485794
MA0046.2	39805	0.736714411804821	0.0710989406614
MA0153.2	39805	0.726951869882251	0.0706301081313708
MA0486.2	39805	0.740119450614616	0.0539562025549062
MA0652.1	39805	0.716064867639679	0.0477152340580983
MA0653.1	39805	0.690200455342613	0.0496192534171093
MA0654.1	39805	0.84566803114654	0.0793767305336615
MA0655.1	39805	0.771959082060334	0.0634215264727021
MA0656.1	39805	0.738634503642357	0.0607681173972879
MA0657.1	39805	0.738756294810859	0.0438831041460547
MA0658.1	39805	0.810273593020707	0.0622164811123976
MA0660.1	39805	0.752317312915069	0.0743351076363585
MA0661.1	39805	0.838119766054748	0.0601978018623065
MA0662.1	39805	0.861542190596161	0.0665584939508946
MA0663.1	39805	0.773521954547848	0.0556976211278062
MA0664.1	39805	0.795564929291985	0.0563577383584701
MA0665.1	39805	0.80799150130536	0.0472432109607088
MA0667.1	39805	0.790683853750519	0.0523809220056755
MA0669.1	39805	0.794259989349608	0.0499919963615961
MA0670.1	39805	0.84448225515175	0.063424501575805
MA0671.1	39805	0.929880562391328	0.0365968519321894
MA0048.2	39805	0.824806877092202	0.0555732459171552
MA0672.1	39805	0.863689247377765	0.0461962814658574
MA0673.1	39805	0.896076360805778	0.0396624132099252
MA0674.1	39805	0.867258550738405	0.0663901039065236
MA0675.1	39805	0.874144953235882	0.0710496641629237
MA0676.1	39805	0.837183184998467	0.0570611970716044
MA0677.1	39805	0.745350033197091	0.0438784294416312
MA0678.1	39805	0.795243982540932	0.0520993248823515
MA0068.2	39805	0.819667776976293	0.0690823809004191
MA0683.1	39805	0.690238071695444	0.0680059823843625
MA0512.2	39805	0.724027882040291	0.0458054145611439
MA0686.1	39805	0.79940148940286	0.0467946781207082
MA0687.1	39805	0.804532983287096	0.0445644571246531
MA0083.3	39805	0.68588663285667	0.0490800098095941
MA0009.2	39805	0.70134806027158	0.0427761634086928
MA0688.1	39805	0.820799842616543	0.0449868027759753
MA0689.1	39805	0.801976915535894	0.0467441623397583
MA0691.1	39805	0.795209163487211	0.056551471837505
MA0692.1	39805	0.821860727187794	0.0533199401566948
MA0694.1	39805	0.795620409747002	0.0480141507139442
MA0695.1	39805	0.821508449888743	0.0443481118538419
MA0696.1	39805	0.772187268241401	0.0493093295797452
MA0698.1	39805	0.794382322235226	0.0497315107207662
MA0699.1	39805	0.84968227218521	0.0603943420787482
MA0704.1	39805	0.855473637201325	0.0666301236490598
MA0705.1	39805	0.865585389445462	0.0632281868376905
MA0706.1	39805	0.84454151428241	0.0613324740257249
MA0709.1	39805	0.849167662328364	0.0769561607262144
MA0710.1	39805	0.853126933793159	0.0636804865757458
MA0124.2	39805	0.834595404060334	0.053071139053968
MA0711.1	39805	0.861762372333081	0.0595458277808479
MA0132.2	39805	0.86562112117747	0.0761311727737378
MA0713.1	39805	0.77632592898917	0.0751715986515354
MA0714.1	39805	0.856276302543373	0.0573738759870089
MA0715.1	39805	0.747641915571846	0.0844640850006523
MA0716.1	39805	0.854542633208672	0.0773579237154711
MA0717.1	39805	0.862894166568247	0.0701516765901296
MA0718.1	39805	0.841389965474245	0.0717192150444232
MA0719.1	39805	0.947921848029723	0.0353307661595344
MA0720.1	39805	0.855554400203917	0.0764971653018664
MA0721.1	39805	0.85940771679467	0.0727576691817582
MA0722.1	39805	0.861305130959943	0.0651401442405168
MA0724.1	39805	0.82493160263257	0.0638809246937133
MA0725.1	39805	0.840764972214658	0.0773736464179785
MA0726.1	39805	0.825118975086255	0.0781281080581478
MA0112.3	39805	0.715215119290553	0.0440404668626224
MA0141.3	39805	0.773423546990362	0.0554103113716424
MA0017.2	39805	0.811321541770586	0.0531217220183077
MA0113.3	39805	0.725666533919784	0.0468318936006818
MA0727.1	39805	0.722033783678394	0.0469956884208763
MA0728.1	39805	0.715307854296969	0.0485596520126927
MA0729.1	39805	0.696752908249078	0.0429402806771557
MA0730.1	39805	0.711394281412314	0.0409397324593652
MA0731.1	39805	0.669050983312486	0.0449170945980658
MA0472.2	39805	0.806038755734828	0.0550775603558303
MA0732.1	39805	0.778430245973434	0.0630503135318081
MA0733.1	39805	0.778847368742071	0.0507928349748078
MA0735.1	39805	0.700728302928277	0.0450420479291607
MA0736.1	39805	0.787104090293238	0.0463756946388387
MA0737.1	39805	0.742541228735962	0.0415110466002224
MA0738.1	39805	0.905019559091258	0.0420483958409472
MA0739.1	39805	0.864626619085378	0.0435217193946116
MA0741.1	39805	0.869689654103155	0.0672792992377994
MA0747.1	39805	0.869810763298768	0.052765635732602
MA0749.1	39805	0.700733233594608	0.0436221229448445
MA0751.1	39805	0.804815617530575	0.045610362818502
MA0088.2	39805	0.746887212024474	0.041870099185431
MA0752.1	39805	0.681185670188015	0.0471565322286691
MA0755.1	39805	0.76273499489045	0.0671005287019134
MA0757.1	39805	0.728765935895527	0.0749077886742511
MA0758.1	39805	0.69232853090439	0.0488670303867459
MA0760.1	39805	0.828815712083382	0.0490887758725394
MA0098.3	39805	0.843764884544851	0.0504602918479521
MA0762.1	39805	0.80355518999612	0.0487594566354897
MA0763.1	39805	0.833560507047663	0.0467379935358864
MA0767.1	39805	0.834692943551729	0.0427114195824646
MA0770.1	39805	0.753580130850523	0.052828356740347
MA0771.1	39805	0.782435198390302	0.0476494477434543
MA0772.1	39805	0.762248107691035	0.0559766940296327
MA0773.1	39805	0.762416727357709	0.0776558811424913
MA0498.2	39805	0.926051587277518	0.0538921295448393
MA0774.1	39805	0.861350640398337	0.0561173753071048
MA0775.1	39805	0.887353357517809	0.0513380931772698
MA0776.1	39805	0.743397086809527	0.0454210894274126
MA0777.1	39805	0.712277878718806	0.0426413683151751
MA0105.4	39805	0.722302597670565	0.055926034378936
MA0778.1	39805	0.756123711617617	0.056744694052921
MA0779.1	39805	0.747612261023625	0.034519903814056
MA0780.1	39805	0.734166899956856	0.0784792718539919
MA0781.1	39805	0.721774602111332	0.0372588554917648
MA0783.1	39805	0.723934849081695	0.0519135604236456
MA0785.1	39805	0.784763008965255	0.0698622020049688
MA0786.1	39805	0.781619112990175	0.0744959798268164
MA0787.1	39805	0.77178600154175	0.072645522356073
MA0788.1	39805	0.766456125419371	0.072867144377716
MA0789.1	39805	0.792853212794392	0.076012265357204
MA0790.1	39805	0.734257314034555	0.0774407121695949
MA0791.1	39805	0.713940959490494	0.0749328049335944
MA0792.1	39805	0.817083407657836	0.0712085121280018
MA0793.1	39805	0.80355258271092	0.0663708656089669
MA0794.1	39805	0.759000267279212	0.0440654649739497
MA0600.2	39805	0.71606756353648	0.0500073183407099
MA0795.1	39805	0.752679387324933	0.0502624729988371
MA0796.1	39805	0.697757221435544	0.054840552649286
MA0797.1	39805	0.731399761836564	0.0505538177213183
MA0510.2	39805	0.709961330154341	0.0499667901345584
MA0511.2	39805	0.830506806614734	0.0481856834773151
MA0800.1	39805	0.787552620967861	0.0469961696062948
MA0801.1	39805	0.857634802003063	0.0512356611509304
MA0802.1	39805	0.803719211321624	0.0497409754339562
MA0803.1	39805	0.836034080742762	0.0549572926543539
MA0804.1	39805	0.684644469122555	0.0419884719620913
MA0805.1	39805	0.83435954603528	0.0565540419111855
MA0806.1	39805	0.863338438049196	0.0491423797972828
MA0807.1	39805	0.872931659068289	0.0460763128270491
MA0808.1	39805	0.87205860829441	0.0543481732329603
MA0810.1	39805	0.871517283706138	0.0515060058542543
MA0811.1	39805	0.855867394842719	0.0495841966432519
MA0812.1	39805	0.851498476586333	0.0553122438742143
MA0813.1	39805	0.81393012520899	0.0586409376315976
MA0524.2	39805	0.851972659018003	0.0493197138813805
MA0815.1	39805	0.807118412819343	0.0615636241488482
MA0816.1	39805	0.834191998981139	0.0526899080661189
MA0461.2	39805	0.824710748993222	0.0493435446843917
MA0464.2	39805	0.808541992500531	0.0607880847434135
MA0817.1	39805	0.763257985169436	0.0559702208319669
MA0820.1	39805	0.864263452675984	0.0498211490441505
MA0822.1	39805	0.728557614474441	0.0558140245191127
MA0823.1	39805	0.803562496543858	0.0629220069026362
MA0058.3	39805	0.822692615729281	0.0609935412338446
MA0825.1	39805	0.834430378525601	0.0583095621410473
MA0826.1	39805	0.776172514482231	0.0553369303750068
MA0827.1	39805	0.820674544500189	0.0473165656876961
MA0832.1	39805	0.737163519302089	0.0497127351778874
MA0834.1	39805	0.727960829444813	0.0594047556863524
MA0838.1	39805	0.77678991004379	0.0512840374451063
MA0839.1	39805	0.735882728966716	0.0434577861603921
MA0840.1	39805	0.75708770721545	0.0617270353784431
MA0117.2	39805	0.81382354337265	0.0479435261698003
MA0841.1	39805	0.757479385194079	0.0574382230934519
MA0843.1	39805	0.773154845100619	0.0589660343598848
MA0844.1	39805	0.753363083410486	0.043536756285376
MA0845.1	39805	0.800616341951368	0.069972292333077
MA0032.2	39805	0.829734291683256	0.0690133441341471
MA0846.1	39805	0.822893488065022	0.0695214808996315
MA0848.1	39805	0.87249369560168	0.065049942673689
MA0849.1	39805	0.856485479516258	0.0679281007037787
MA0850.1	39805	0.910409617266668	0.0488833470597792
MA0851.1	39805	0.784173727781174	0.0662517453256391
MA0853.1	39805	0.744245471112103	0.058072052368901
MA0854.1	39805	0.746794877220678	0.0618393302581971
MA0855.1	39805	0.720862636193246	0.0459462985126924
MA0856.1	39805	0.73111364521617	0.0452993575858743
MA0857.1	39805	0.686569506192138	0.0480793931268605
MA0858.1	39805	0.701957760540298	0.043116223636943
MA0859.1	39805	0.706321630040628	0.0488012541477929
MA0860.1	39805	0.696649307687066	0.044714557216588
MA0525.2	39805	0.697682451779756	0.0407022108044103
MA0106.3	39805	0.708374105203075	0.0387951876311289
MA0861.1	39805	0.742768825638767	0.0404159076876679
MA0862.1	39805	0.813032907710093	0.0519974839253735
MA0863.1	39805	0.727962898735503	0.0402837692894519
MA0024.3	39805	0.768103835831273	0.0465723036824951
MA0866.1	39805	0.694271668263221	0.0573668638197375
MA0870.1	39805	0.694845731972129	0.0572473530699673
MA0872.1	39805	0.801829801300946	0.0629614558083448
MA0028.2	39805	0.801719127422767	0.0585639314413215
MA0873.1	39805	0.786011315218835	0.0529986993316084
MA0874.1	39805	0.736681041573136	0.0583391047334673
MA0875.1	39805	0.88325544806082	0.0679912316127411
MA0876.1	39805	0.889597415396312	0.0643604007462653
MA0880.1	39805	0.873426673996496	0.070209455600896
MA0881.1	39805	0.874729329126556	0.0672953229039172
MA0882.1	39805	0.872978514518344	0.0691732372615587
MA0883.1	39805	0.787386624060846	0.049089709740661
MA0886.1	39805	0.827684762462796	0.0679291579294346
MA0887.1	39805	0.856512975605677	0.0573258187407905
MA0888.1	39805	0.853635470087574	0.0579409759743811
MA0889.1	39805	0.820425276934541	0.0655865577253063
MA0890.1	39805	0.835282159899373	0.0707681018287774
MA0891.1	39805	0.853259767364674	0.0519212857958046
MA0892.1	39805	0.868863474466077	0.0547762629080906
MA0894.1	39805	0.830781048859457	0.0736764949215269
MA0895.1	39805	0.834145687908814	0.0516318448681832
MA0896.1	39805	0.760937376115004	0.0492203747917616
MA0897.1	39805	0.739251424882872	0.0540427072400674
MA0898.1	39805	0.737338754102925	0.0543979800876555
MA0899.1	39805	0.828030915299521	0.0684708301650162
MA0903.1	39805	0.874397860344631	0.0641093222093664
MA0905.1	39805	0.831158090932133	0.061280430684188
MA0906.1	39805	0.778070120232958	0.055393223051665
MA0907.1	39805	0.781191313507428	0.0582482397120404
MA0908.1	39805	0.815323359002594	0.061372972045513
MA0911.1	39805	0.800236228665708	0.0528050496417688
MA0914.1	39805	0.868793668593363	0.0533962751159567
MA0852.2	39805	0.794550215162722	0.0576705602296773
MA0036.3	39805	0.821920163476584	0.0655148378902843
MA1106.1	39805	0.831913386399194	0.0594112538880819
MA0147.3	39805	0.805860117914867	0.059958288585311
MA0100.3	39805	0.863358200705917	0.054864748475104
MA0104.4	39805	0.786731591747474	0.0584853815094007
MA1109.1	39805	0.823515604057535	0.0501060345336285
MA0161.2	39805	0.833876183697776	0.0575428868171383
MA0060.3	39805	0.818843910627563	0.0627801951561126
MA1111.1	39805	0.82447876569089	0.0586127609603603
MA0014.3	39805	0.811940161021746	0.0499816689148664
MA1114.1	39805	0.757092042563916	0.0490259680678565
MA1115.1	39805	0.813054080935831	0.0744922045006954
MA1116.1	39805	0.888688965248951	0.0624672433306329
MA1117.1	39805	0.825488831952299	0.050779067746371
MA1118.1	39805	0.789886447405373	0.0518485081122284
MA1119.1	39805	0.738798525811156	0.0484063796808308
MA0442.2	39805	0.851342255379979	0.0625202640303888
MA1120.1	39805	0.830808567201966	0.0621411018079895
MA1121.1	39805	0.803624681084244	0.0521674993853195
MA1122.1	39805	0.846913240809569	0.0663917688979063
MA0750.2	39805	0.825890289950656	0.0571610905754254
MA0103.3	39805	0.87313003917672	0.0592923745064162
MA1124.1	39805	0.712556837978179	0.0645579769894188
MA1125.1	39805	0.809776085025491	0.113138294645958
MA1154.1	39805	0.740998991574972	0.03930406922115
MA1155.1	39805	0.731362931567846	0.0455895048591771
MA0099.3	39805	0.812486102852371	0.0567263979215009
MA1126.1	39805	0.749467545733748	0.0498641695166675
MA1127.1	39805	0.754160969137997	0.0596036949077237
MA1128.1	39805	0.800607630556899	0.056063242712522
MA1129.1	39805	0.766022427759987	0.0590999506583291
MA1130.1	39805	0.807279836285947	0.0567677341988971
MA1131.1	39805	0.77826064551417	0.0583165147288602
MA1132.1	39805	0.818965843253997	0.0513027111295783
MA1133.1	39805	0.770780791699249	0.0554532728040553
MA1134.1	39805	0.791522680866907	0.0576856396641622
MA1135.1	39805	0.806588550046289	0.0591287456884496
MA1136.1	39805	0.780666194402396	0.0569572032356194
MA1137.1	39805	0.798594351523809	0.054434315133662
MA1138.1	39805	0.801709151620535	0.0613124107356641
MA1139.1	39805	0.749355811690962	0.0616768156569873
MA1141.1	39805	0.79238681879645	0.0562225874901564
MA1142.1	39805	0.834795941619695	0.0533008871579469
MA1143.1	39805	0.810378244597184	0.0529037490402901
MA1144.1	39805	0.802748570657674	0.0588864849197741
MA1145.1	39805	0.756797008935553	0.0563320233425109
MA1146.1	39805	0.758299337323728	0.0369571541954027
MA1147.1	39805	0.773870798278661	0.0372235496768667
MA1148.1	39805	0.760462665745116	0.0363159288958163
MA1149.1	39805	0.79065202982478	0.0377672245438221
MA1150.1	39805	0.828343132991129	0.0472160831492675
MA1151.1	39805	0.83348984848267	0.0438894438077988
MA1152.1	39805	0.870318238169696	0.0617574097507013
MA1153.1	39805	0.855575792088558	0.0583811700809735
MA1418.1	39805	0.705936759942975	0.0460943847681242
MA1419.1	39805	0.700714419349788	0.04631792737216
MA1420.1	39805	0.746628091382974	0.0412133562604931
MA1421.1	39805	0.769663823344151	0.0516383048309724
MA1463.1	39805	0.780361596957046	0.0817276972073494
MA1464.1	39805	0.802727945089809	0.0621366871519448
MA1466.1	39805	0.734307156181106	0.0449406877030561
MA1468.1	39805	0.850372640342398	0.0407627676160867
MA1101.2	39805	0.711366714777899	0.0498517582189745
MA1470.1	39805	0.696508105964276	0.0437210451011369
MA1471.1	39805	0.818718684288142	0.0725859495335153
MA1473.1	39805	0.79657594646539	0.0639493218129616
MA1474.1	39805	0.793408122184372	0.0463070230900941
MA1475.1	39805	0.778783743589182	0.052702156698005
MA1478.1	39805	0.80705716720829	0.0523988832011978
MA1479.1	39805	0.777472786658439	0.0551331858790641
MA1480.1	39805	0.806824221348935	0.0545500815352427
MA1481.1	39805	0.863144055679716	0.0727437354589376
MA1484.1	39805	0.845500680391635	0.0510628923965539
MA1485.1	39805	0.766799070739983	0.0464831289083913
MA1489.1	39805	0.768565506845874	0.0817574859871909
MA1493.1	39805	0.801001855330194	0.0454590642973267
MA1494.1	39805	0.728491965073199	0.0436092733139037
MA1495.1	39805	0.871643395801058	0.060591606094451
MA1496.1	39805	0.896942189934839	0.0495634894255327
MA1497.1	39805	0.850110240317653	0.0529470372507247
MA1499.1	39805	0.859012015103451	0.0735281640268237
MA1500.1	39805	0.890107175798548	0.0526645203841398
MA1501.1	39805	0.837777878752692	0.0504483283453892
MA1502.1	39805	0.869700944014609	0.0658510147573187
MA1503.1	39805	0.792023635870549	0.0591848895032955
MA1504.1	39805	0.885960572289239	0.07014422260653
MA1505.1	39805	0.87467664033524	0.0584102693647792
MA1506.1	39805	0.777216000933992	0.0546886590732729
MA1507.1	39805	0.878573981512662	0.0722797422686589
MA1508.1	39805	0.831234407927776	0.0519999797378064
MA1509.1	39805	0.792447381283675	0.0483041828354131
MA1512.1	39805	0.864034690755443	0.0624497196035223
MA1513.1	39805	0.85721443242851	0.100834719654354
MA1514.1	39805	0.781916802682908	0.051483995827084
MA1515.1	39805	0.893595538807909	0.0627636776965564
MA1516.1	39805	0.844746769502286	0.0620248545827038
MA1517.1	39805	0.879552749868272	0.0587863135655152
MA1519.1	39805	0.834145678906871	0.0774896172994984
MA1520.1	39805	0.749464630855789	0.0408380884274852
MA1521.1	39805	0.758264364588436	0.0411994612635126
MA1522.1	39805	0.876848188356672	0.0775004027050827
MA1523.1	39805	0.848115234302022	0.0471252336425861
MA1527.1	39805	0.742416715507503	0.0512553974703263
MA1528.1	39805	0.755917046717587	0.0502685246633962
MA1529.1	39805	0.732996891732826	0.048632981463838
MA1530.1	39805	0.857245014708546	0.0604778045666155
MA1531.1	39805	0.77422142582721	0.0408842460300645
MA1533.1	39805	0.785364143822586	0.0341654540364237
MA1534.1	39805	0.843218111064705	0.052686425445962
MA1535.1	39805	0.911242054641816	0.0562229346028247
MA1536.1	39805	0.948057340380082	0.0355715818034614
MA1537.1	39805	0.754222245716626	0.0422426140854179
MA1538.1	39805	0.736626062567391	0.0430639254451511
MA1539.1	39805	0.722205903389692	0.0439428841501926
MA1541.1	39805	0.749343809759933	0.04189999904741
MA1542.1	39805	0.832218142418935	0.0450579870605913
MA1544.1	39805	0.748478951556094	0.0493609719449341
MA1545.1	39805	0.7866739931226	0.0472675664433738
MA1546.1	39805	0.749617547520299	0.0371615891080564
MA1548.1	39805	0.845001237200033	0.070170122353195
MA1549.1	39805	0.83656600318072	0.0579885010754116
MA1550.1	39805	0.754021909086221	0.041549321346412
MA1552.1	39805	0.755026635374885	0.0402037627071056
MA1553.1	39805	0.74227254627094	0.0413518254156787
MA1554.1	39805	0.882773181232417	0.0375766653197221
MA1555.1	39805	0.764283266681501	0.0421930297023337
MA1556.1	39805	0.760394190712551	0.0443341054785165
MA1557.1	39805	0.780847562556982	0.0454062767505005
MA1558.1	39805	0.875304023438832	0.053080231671776
MA1559.1	39805	0.836128739970789	0.0519904282622085
MA1560.1	39805	0.800229758603074	0.0595188057202863
MA1561.1	39805	0.765905462054926	0.0491101037073644
MA1562.1	39805	0.780488602439542	0.0531142232238134
MA1564.1	39805	0.864073264029234	0.0661308978510258
MA1565.1	39805	0.816328830873163	0.0449604324767922
MA1568.1	39805	0.81028946605975	0.0387867894658404
MA1569.1	39805	0.873966825610146	0.0648482926152424
MA1570.1	39805	0.862060332112238	0.0470799501103247
MA1571.1	39805	0.749106674024727	0.0466511355598946
MA1572.1	39805	0.756274972136221	0.0460241934957337
MA1574.1	39805	0.799281097893461	0.0376555989766596
MA1575.1	39805	0.738416008678244	0.0415178031530501
MA1576.1	39805	0.738418069009613	0.0366882282763229
MA1577.1	39805	0.847407896084065	0.0877616347252896
MA1578.1	39805	0.867716738174532	0.0611513556898974
MA1579.1	39805	0.827349924038695	0.0550416121247702
MA1580.1	39805	0.779940593864737	0.0619538183245048
MA1581.1	39805	0.825305645588041	0.0529015289565703
MA1583.1	39805	0.818093658280867	0.0550592713327162
MA1584.1	39805	0.772212940229905	0.0501416996076047
MA1585.1	39805	0.791666106324303	0.0511201611919525
MA1587.1	39805	0.786109588776286	0.0580301607362422
MA1588.1	39805	0.729694652639077	0.0453075980742853
MA1589.1	39805	0.686802906576096	0.0376111638163282
MA1592.1	39805	0.77610199975359	0.0400989978175242
MA1593.1	39805	0.795959759220976	0.0513755833814619
MA1594.1	39805	0.681200816303386	0.0330306060543712
MA1596.1	39805	0.777763097012767	0.0754516707899474
MA1597.1	39805	0.706038723527938	0.0417272734484401
MA1599.1	39805	0.765388789480212	0.0545023219777466
MA1600.1	39805	0.727414369499275	0.037205229082334
MA1602.1	39805	0.782987782001437	0.0445311182775209
MA1603.1	39805	0.760024227435443	0.0583664609356067
MA1604.1	39805	0.799168804171061	0.0559952363162878
MA1606.1	39805	0.815941827447588	0.0748935379123727
MA1607.1	39805	0.778898921873507	0.0702728586594169
MA1608.1	39805	0.819838152014966	0.0605659807067639
MA1615.1	39805	0.824287516438137	0.0617374320247594
MA1616.1	39805	0.775153644394416	0.0455809079716971
MA1618.1	39805	0.818450103074811	0.0543117067352424
MA1619.1	39805	0.825491556193657	0.0579850841818686
MA1620.1	39805	0.833831949490845	0.0549069810998929
MA1621.1	39805	0.831834118327248	0.0532645528691913
MA1623.1	39805	0.792452863882984	0.0681806973584503
MA1624.1	39805	0.805526827977729	0.0578901983912318
MA1625.1	39805	0.790781020867136	0.0592002327676406
MA1627.1	39805	0.827468636569082	0.062693747160554
MA1628.1	39805	0.866785709988734	0.0558116478032006
MA1629.1	39805	0.803169834246478	0.05114644838394
MA1100.2	39805	0.871991070402198	0.0503248974898974
MA0605.2	39805	0.737554982318186	0.0627444072471365
MA0462.2	39805	0.791899633415777	0.0643438084741041
MA0463.2	39805	0.739896010722773	0.0436341629496105
MA0864.2	39805	0.75435501266046	0.0441788209854329
MA0469.3	39805	0.694136067350517	0.0430213290850407
MA0470.2	39805	0.746147995430124	0.0448599773904956
MA0612.2	39805	0.838039658075153	0.0717794249891009
MA0766.2	39805	0.848441421801003	0.0566709833898664
MA0038.2	39805	0.797652157603068	0.0504117009290122
MA0893.2	39805	0.894411495139751	0.0548812930808812
MA1099.2	39805	0.849364411988196	0.066182784030288
MA0616.2	39805	0.804637597807883	0.0653693091051797
MA0900.2	39805	0.836913095294769	0.0753250054762843
MA0158.2	39805	0.865948471716749	0.0594660178889996
MA0594.2	39805	0.860740056236957	0.0463042302346527
MA0902.2	39805	0.876437900523336	0.0643471284839079
MA0904.2	39805	0.856202945181597	0.0632452335482803
MA0485.2	39805	0.78230534364471	0.0604735368085183
MA0912.2	39805	0.821645517551736	0.0660503519341642
MA0910.2	39805	0.864929738493153	0.0641565629662664
MA0913.2	39805	0.818399187743681	0.0688933064253565
MA1140.2	39805	0.718759335343321	0.0584279937530743
MA0701.2	39805	0.834156193685434	0.0715773795168222
MA0702.2	39805	0.802803653798952	0.0854927149094309
MA0703.2	39805	0.752502724308901	0.0922908429420448
MA0623.2	39805	0.794010224227898	0.0518889473361403
MA0842.2	39805	0.780210038529525	0.0486783252260545
MA0682.2	39805	0.852329978500512	0.0678022262448908
MA0075.3	39805	0.818135057108854	0.0829589676378681
MA0867.2	39805	0.865330067945854	0.0560531966513009
MA0868.2	39805	0.830829342844607	0.0586541804426894
MA0746.2	39805	0.851224208329395	0.0659885335707278
MA0632.2	39805	0.832302924839605	0.0662328790370764
MA0871.2	39805	0.794915604457959	0.0596042911113168
MA0753.2	39805	0.803038931059376	0.065379575203347
MA0122.3	39805	0.779224631346807	0.0606766609771225
MA1707.1	39805	0.797573213111921	0.0566127253147456
MA1708.1	39805	0.858577425739937	0.0471547221532676
MA1709.1	39805	0.770599117582287	0.0568075478554744
MA1710.1	39805	0.880116576868787	0.0487911658020157
MA1711.1	39805	0.746098698055145	0.0456515791265054
MA1712.1	39805	0.790115857839882	0.055452957969433
MA1713.1	39805	0.797405765727007	0.0772753252495878
MA1714.1	39805	0.742391913424699	0.0358481373314744
MA1715.1	39805	0.730831866957952	0.0429605800663568
MA1716.1	39805	0.738229012752335	0.0410166553761419
MA1717.1	39805	0.789359782824732	0.0473037621817609
MA1718.1	39805	0.659009143848191	0.0460198148812805
MA1719.1	39805	0.744176271657764	0.046103381423672
MA1720.1	39805	0.752836050009297	0.0479190108931084
MA1721.1	39805	0.766474570121054	0.0700697932320141
MA1722.1	39805	0.706177731140495	0.0359252668050549
MA1723.1	39805	0.806180103347893	0.0464673074790471
MA1724.1	39805	0.788052669369488	0.0490962902354528
MA1631.1	39805	0.838325829686666	0.0554803778675586
MA1632.1	39805	0.78173526706036	0.0625455041736627
MA1634.1	39805	0.793511557239581	0.064692963495182
MA1635.1	39805	0.854295661018762	0.0690693658717914
MA1636.1	39805	0.764094366176184	0.0566746542986066
MA1637.1	39805	0.799095384907688	0.0579702481260495
MA1638.1	39805	0.863635470889837	0.0592958017750424
MA1639.1	39805	0.7834649808627	0.0630958213274033
MA1640.1	39805	0.757370475919841	0.0656901213859108
MA1641.1	39805	0.816243415525543	0.0572579364280874
MA1642.1	39805	0.832157312969219	0.0521682024636469
MA1643.1	39805	0.71150036941169	0.0468648919727282
MA1644.1	39805	0.817926540228915	0.0638561510973445
MA1645.1	39805	0.813797673673468	0.0477129583410331
MA1646.1	39805	0.836773267197384	0.0518424624693252
MA1648.1	39805	0.86953445761573	0.0569900536808027
MA1649.1	39805	0.841109402823063	0.0524737530842283
MA1650.1	39805	0.816223507908368	0.0744879098707612
MA1651.1	39805	0.728488515016451	0.0477035734200066
MA1652.1	39805	0.820428638101314	0.0518702257518078
MA1653.1	39805	0.849147206529479	0.0795263887788537
MA1654.1	39805	0.700044580461607	0.0342174232345854
MA1655.1	39805	0.82042524125954	0.0511166331300998
MA1656.1	39805	0.80010851058166	0.0499501746532095
MA1657.1	39805	0.769999977204291	0.0615360771725633
MA1683.1	39805	0.817020864339481	0.0710582636546621
MA1725.1	39805	0.80393205401008	0.0475228067573681
MA1726.1	39805	0.783205944826584	0.0504118235961412
MA1727.1	39805	0.792467284412025	0.0556043617695961
MA1728.1	39805	0.833591836796061	0.0539343148524599
MA1729.1	39805	0.758844948460746	0.0475693861547741
MA1730.1	39805	0.785207879481168	0.0455503177783093
MA1731.1	39805	0.796430221112031	0.0432100527517974
MA0833.2	39805	0.765252875362084	0.056704630730691
MA0835.2	39805	0.791597305761431	0.0631798392214461
MA0465.2	39805	0.790040025093912	0.0699162526368594
MA0102.4	39805	0.766268312744396	0.0588968028291435
MA0836.2	39805	0.779758220578734	0.0583949561436174
MA0018.4	39805	0.788366014766422	0.0674834520694644
MA1102.2	39805	0.837364845792444	0.0682848181358944
MA0471.2	39805	0.850421520850963	0.0581773689108364
MA0154.4	39805	0.781682765973314	0.0535720302304024
MA0162.4	39805	0.809959832834737	0.0719535813079421
MA0598.3	39805	0.801724721231664	0.0509186068152414
MA0473.3	39805	0.805384549811816	0.051675616397903
MA0640.2	39805	0.81878915882789	0.0500580742287708
MA0592.3	39805	0.777834228375836	0.0542188596567137
MA0761.2	39805	0.812333975552851	0.0515185365816522
MA0477.2	39805	0.78371379378992	0.0626823271566156
MA0148.4	39805	0.790565700554252	0.0687671454832293
MA0047.3	39805	0.814004373217432	0.0709048735646804
MA1103.2	39805	0.814973217639784	0.0712141128541403
MA0481.3	39805	0.820160505901935	0.0721040434745102
MA0062.3	39805	0.804838995208761	0.0510394343716075
MA0035.4	39805	0.811514318127606	0.0625480201580084
MA0482.2	39805	0.805244108260556	0.057708628855261
MA1104.2	39805	0.782440083056822	0.0639394828114268
MA1105.2	39805	0.784089016503151	0.054757936713709
MA0043.3	39805	0.774536161789901	0.0632154622652659
MA0114.4	39805	0.781891422561821	0.0536232922536858
MA0484.2	39805	0.786754332584961	0.0526122180442422
MA0901.2	39805	0.773592836237257	0.0780341531560489
MA0490.2	39805	0.769479450392819	0.0640778518995962
MA0491.2	39805	0.77288991928672	0.0633055127858444
MA0039.4	39805	0.878808943054229	0.07019926665594
MA1107.2	39805	0.793540917587263	0.0595119735530277
MA0700.2	39805	0.806485772566887	0.0748830651166862
MA0495.3	39805	0.74612189556716	0.0536346484810735
MA0496.3	39805	0.746277157146886	0.0542544019381915
MA0052.4	39805	0.772449751559917	0.079186733023409
MA0620.3	39805	0.752399089652101	0.0535326486689168
MA1108.2	39805	0.864950962732705	0.0622005122248653
MA0499.2	39805	0.824497270568792	0.0504350581996354
MA0500.2	39805	0.823189577816933	0.0637745916549442
MA0056.2	39805	0.820806784284184	0.0492894492073398
MA0089.2	39805	0.738418358682603	0.0487178639763019
MA0025.2	39805	0.774399991250005	0.0688898443673349
MA0502.2	39805	0.802826469668999	0.0574875086604099
MA0063.2	39805	0.835704160909635	0.0559286714806974
MA1112.2	39805	0.821547972438895	0.0572656745673738
MA0679.2	39805	0.722842641473614	0.0797455814701373
MA0712.2	39805	0.827338730344594	0.0628366719560167
MA1113.2	39805	0.768701789312205	0.0704212103285003
MA0681.2	39805	0.710080213811187	0.090681714624303
MA0782.2	39805	0.770445111331564	0.0530399752278991
MA0627.2	39805	0.77319588864789	0.073859270559095
MA0508.3	39805	0.848818827401745	0.0583576444045172
MA0684.2	39805	0.825720871724089	0.0560641570254806
MA0743.2	39805	0.760159511855951	0.0473350636568847
MA0744.2	39805	0.763321649204906	0.0465140443459856
MA0745.2	39805	0.815427230917541	0.0546196260045693
MA0143.4	39805	0.825439924503036	0.0607743293992982
MA0081.2	39805	0.777492489872242	0.0467877001457701
MA0829.2	39805	0.770331891618849	0.0550188647452303
MA0522.3	39805	0.869860147211783	0.0564115095561484
MA0830.2	39805	0.837037008402679	0.055763970168757
MA0769.2	39805	0.828216432978598	0.0615027612982371
MA0090.3	39805	0.79466727845329	0.0535076962744531
MA0809.2	39805	0.813329640168679	0.0538813220405938
MA0003.4	39805	0.817196338942751	0.058150746338862
MA0814.2	39805	0.823039436325793	0.0602719969503764
MA1123.2	39805	0.81731401509424	0.052571761475752
MA0093.3	39805	0.772834403512217	0.0530520568259053
MA0748.2	39805	0.814445301963895	0.0581296493832982
MA0528.2	39805	0.855461788521897	0.0642759360319906
MA0609.2	39805	0.726270492614181	0.058487281156817
MA1684.1	39805	0.953223231812589	0.0627470264968133
MA1928.1	39805	0.803302402304997	0.0622754528923165
MA1929.1	39805	0.684627477732375	0.038713820279243
MA1930.1	39805	0.677336893963043	0.0373292553680715
MA1931.1	39805	0.733084147095244	0.0449046841804275
MA1932.1	39805	0.728112585867198	0.0395733069298335
MA1933.1	39805	0.742277185461887	0.0416670525681942
MA1934.1	39805	0.777156231927896	0.0441061396561942
MA1935.1	39805	0.823591557909391	0.0394023669208175
MA1936.1	39805	0.834342190614784	0.0367871529001253
MA1937.1	39805	0.792586458317985	0.0398969470024555
MA1938.1	39805	0.7566497209453	0.0396110835736569
MA1939.1	39805	0.734744750953625	0.0371827419952065
MA1940.1	39805	0.762201099562643	0.044183345767569
MA1941.1	39805	0.762928424399051	0.0425680920015504
MA1942.1	39805	0.790064328652449	0.0421273178727244
MA1943.1	39805	0.764989106951183	0.0417984386640703
MA1944.1	39805	0.777802644623839	0.0402522064049236
MA1945.1	39805	0.774255545209091	0.044786173095344
MA1946.1	39805	0.808662592047214	0.0385209541430832
MA1947.1	39805	0.826730295911746	0.0398179077757384
MA1948.1	39805	0.781775219891068	0.0383865306449858
MA1949.1	39805	0.747159435137852	0.0398256795383653
MA1950.1	39805	0.792027606491727	0.0467124064426176
MA1951.1	39805	0.721600782122856	0.0540203856773205
MA1952.1	39805	0.80666679557774	0.0454375978861435
MA1953.1	39805	0.797262784997611	0.0445348129918284
MA1954.1	39805	0.792522772041932	0.0468273784817078
MA1955.1	39805	0.787112620240197	0.0464727869899457
MA1956.1	39805	0.776276140820516	0.0455564019597905
MA1957.1	39805	0.745837802015473	0.0428972690076963
MA1958.1	39805	0.722686586759939	0.0421404755097304
MA1959.1	39805	0.912260055109298	0.0769210529292935
MA1960.1	39805	0.784475666782941	0.0506788380288061
MA1961.1	39805	0.88286597530823	0.0799443926038803
MA1962.1	39805	0.728924787764019	0.0571885250610002
MA1963.1	39805	0.772509698211379	0.0796994533135221
MA1964.1	39805	0.875127780194336	0.0578051044586094
MA1965.1	39805	0.914512403438759	0.0702027787770761
MA1966.1	39805	0.784155507048084	0.0437464269652217
MA1967.1	39805	0.724466919700948	0.0445680361828812
MA1968.1	39805	0.80328582336631	0.0468541592398224
MA1969.1	39805	0.719741854868028	0.0380335800482809
MA1970.1	39805	0.792278923406448	0.0655633777540355
MA1971.1	39805	0.811120854886389	0.0466592969399207
MA1972.1	39805	0.82749162180149	0.0435245812170572
MA1973.1	39805	0.736261428570075	0.043458816521708
MA1974.1	39805	0.725956316594298	0.0622542911869426
MA1975.1	39805	0.769985866846263	0.0408379281587154
MA1976.1	39805	0.751421114129509	0.0460386080944277
MA1977.1	39805	0.756944076137033	0.0362131100435593
MA1978.1	39805	0.740248285022037	0.0603279638723692
MA1979.1	39805	0.81275883936061	0.0486519799565936
MA1980.1	39805	0.773175824116727	0.0396174042778793
MA1981.1	39805	0.796400208554082	0.0548818442065101
MA1982.1	39805	0.790778776385945	0.0464626904041065
MA1983.1	39805	0.664740474298477	0.0383455397573482
MA1984.1	39805	0.801191672202992	0.0411809634676872
MA1985.1	39805	0.750748807294312	0.0465913102176988
MA1986.1	39805	0.856112195592413	0.0677384131272675
MA1987.1	39805	0.788423921647016	0.039884712938288
MA1988.1	39805	0.818669086459329	0.0633070488988969
MA1989.1	39805	0.77886884704174	0.0569551757182602
MA1990.1	39805	0.791137548069951	0.0485388200482069
MA1991.1	39805	0.800277767387185	0.0485056583453212
MA1992.1	39805	0.808077169870463	0.0483556298819094
MA1993.1	39805	0.8660811008505	0.0661835148619909
MA1994.1	39805	0.804545444035536	0.0569409807183999
MA1995.1	39805	0.813934726756902	0.0521892082094107
MA1996.1	39805	0.859548794221005	0.0617432481144485
MA1997.1	39805	0.867046039213017	0.0673943919843417
MA1998.1	39805	0.794236834330092	0.0475746017310156
MA1999.1	39805	0.767228609162472	0.0434919036660439
MA2001.1	39805	0.813682566739659	0.0552769118308914
MA2002.1	39805	0.87362193774664	0.0472196605280576
MA2003.1	39805	0.881485375797957	0.0400559548397553
MA0037.4	39805	0.806119072832345	0.0618302443184278
MA0041.2	39805	0.776557984041196	0.0681506606336527
MA0050.3	39805	0.761252330036893	0.0606768441937127
MA0067.2	39805	0.768984215135869	0.034974860515704
MA0078.2	39805	0.785788527161977	0.055067075130978
MA0079.5	39805	0.897131429815657	0.0847169324292299
MA0080.6	39805	0.765103531121872	0.0489505378270635
MA0087.2	39805	0.805740454764908	0.0496651234367013
MA0095.3	39805	0.805663386758022	0.0598900542934481
MA0136.3	39805	0.842482727122622	0.0521077459440775
MA0152.2	39805	0.788262573771566	0.0594685076599862
MA0156.3	39805	0.796712334760259	0.0541395688455474
MA0157.3	39805	0.822593958897894	0.0668957931561221
MA0160.2	39805	0.843757865136362	0.0496999262532596
MA0466.3	39805	0.73258402839923	0.0491477473260139
MA0467.2	39805	0.842425006217969	0.0723267761403452
MA0474.3	39805	0.815517339368211	0.0496870551760173
MA0480.2	39805	0.83267923606969	0.0647221139553728
MA0489.2	39805	0.804537008276895	0.0635431626625462
MA0493.2	39805	0.923774268551947	0.0738979788755969
MA0505.2	39805	0.773949806981584	0.0506321069511085
MA0506.2	39805	0.768844277858319	0.0754279267433221
MA0507.2	39805	0.72493582563068	0.0707325750594607
MA0509.3	39805	0.697906474858555	0.050227876182897
MA0514.2	39805	0.837996884157891	0.0596364028137039
MA0516.3	39805	0.906562580412213	0.0761520272537445
MA0521.2	39805	0.839075499743422	0.063170585332217
MA0526.4	39805	0.753063914041417	0.0584777983920102
MA0606.2	39805	0.81579047976266	0.0596664355789428
MA0607.2	39805	0.771466797592819	0.0511575237759418
MA0611.2	39805	0.729633729561601	0.0657341995694817
MA0624.2	39805	0.835117129677942	0.0615863226735339
MA0625.2	39805	0.914646570576252	0.042079911931623
MA0633.2	39805	0.868757182941675	0.0702397006145577
MA0642.2	39805	0.868809829902154	0.0635900124286007
MA0644.2	39805	0.853581017503155	0.0710699499478947
MA0650.3	39805	0.809243698185805	0.0683810269032046
MA0651.2	39805	0.739009026099881	0.0541121228329151
MA0659.3	39805	0.736982076246836	0.0494711579117295
MA0666.2	39805	0.852282588791758	0.0722570934738321
MA0668.2	39805	0.810512605515125	0.0476777238182766
MA0680.2	39805	0.715991494852776	0.083401808287647
MA0685.2	39805	0.908576938427172	0.077391957259073
MA0690.2	39805	0.787180235698286	0.0462387362250945
MA0693.3	39805	0.837422829561973	0.0605820485170297
MA0697.2	39805	0.815413104411215	0.055692597952521
MA0707.2	39805	0.884132979427409	0.0686505565997487
MA0708.2	39805	0.859031138725394	0.0687396476721638
MA0723.2	39805	0.903197249133854	0.0537442853215113
MA0734.3	39805	0.807853853471752	0.0490671612116402
MA0740.2	39805	0.911722391729893	0.0729159421690443
MA0742.2	39805	0.893005118438562	0.0824090605124972
MA0754.2	39805	0.762331036649942	0.0604545955281799
MA0756.2	39805	0.788134987313277	0.055333392225224
MA0759.2	39805	0.803782459149831	0.0588172298793129
MA0764.3	39805	0.83035185443992	0.0548407762851946
MA0765.3	39805	0.802164614476551	0.0579492378610853
MA0768.2	39805	0.780989463004655	0.053550328283266
MA0784.2	39805	0.711706191563878	0.0670242469890014
MA0798.3	39805	0.701401152597168	0.0488214859234316
MA0799.2	39805	0.708989972414807	0.0471192859861042
MA0818.2	39805	0.788100109885729	0.0514801408837674
MA0819.2	39805	0.839300121802799	0.051073754710164
MA0821.2	39805	0.816560054201619	0.0562884525730817
MA0828.2	39805	0.725091051807094	0.0549984739466814
MA0831.3	39805	0.761364776266629	0.0597333307538201
MA0837.2	39805	0.736640452001097	0.0490577544562361
MA0847.3	39805	0.809204341263245	0.0629429560089524
MA0865.2	39805	0.801269598328348	0.0458839883345739
MA0869.2	39805	0.832394979696359	0.0508493813424427
MA0877.3	39805	0.830269826500379	0.0594819195901005
MA0878.3	39805	0.802998076242868	0.063489471980977
MA0879.2	39805	0.888495918624007	0.0601770356575025
MA0884.2	39805	0.761176315347667	0.0649582738016277
MA0885.2	39805	0.791840015131394	0.0613877908287275
MA0909.3	39805	0.81693958976843	0.0790882438537658
MA1110.2	39805	0.879133056130312	0.060871110533123
MA1467.2	39805	0.838974450645882	0.0548977227877506
MA1472.2	39805	0.822019938643977	0.0544122656020288
MA1476.2	39805	0.79298535279324	0.0626230672568528
MA1483.2	39805	0.812312122380955	0.0478039817469908
MA1487.2	39805	0.795297532361127	0.064248159944049
MA1491.2	39805	0.72839031927743	0.0424702139675176
MA1498.2	39805	0.885862316492518	0.0584666450016064
MA1511.2	39805	0.901043640341887	0.0779326548620125
MA1518.2	39805	0.718903961883098	0.0554698845948526
MA1524.2	39805	0.783270068921038	0.0458923037362543
MA1525.2	39805	0.854333012643343	0.0566178744487849
MA1532.2	39805	0.747596518126288	0.0400644271716326
MA1547.2	39805	0.843408877713106	0.0639573181115383
MA1563.2	39805	0.902278165247132	0.0540935950541916
MA1566.2	39805	0.806785965384115	0.0477296540647028
MA1567.2	39805	0.81594858928232	0.0472366918747232
MA1573.2	39805	0.734392094405677	0.0580576280938193
MA1601.2	39805	0.780579843122686	0.0436233832803547
MA1630.2	39805	0.862102528769092	0.0766462035490369
MA1633.2	39805	0.793320273502932	0.0609565693120943
MA1647.2	39805	0.759823466540532	0.0447107013701262
MA0597.2	39805	0.843778085187879	0.0566119406441005
MA1540.2	39805	0.73590860896013	0.0490059881741885
