[SHORT TFBS MATRIX]
MA0004.1	39862	0.886964479051095	0.0669679714583626
MA0069.1	39862	0.793241630860676	0.0357033401455494
MA0071.1	39862	0.860280862269712	0.0485584762571472
MA0074.1	39862	0.779548350508229	0.0366594237113062
MA0101.1	39862	0.894072955865728	0.0383962585997801
MA0107.1	39862	0.853857019249419	0.0472443611719544
MA0111.1	39862	0.886305346924873	0.0288058850855716
MA0115.1	39862	0.701766188792664	0.0413753030699051
MA0116.1	39862	0.846932291353742	0.0396448646670601
MA0119.1	39862	0.766760852367392	0.047987816783762
MA0130.1	39862	0.982335105543697	0.0245238154937464
MA0142.1	39862	0.787404778302926	0.046452143482788
MA0149.1	39862	0.714121369718354	0.054187701298527
MA0151.1	39862	0.947907547599237	0.0651898619812986
MA0155.1	39862	0.873615047769782	0.0383174972783356
MA0159.1	39862	0.815466367413148	0.0321067936249956
MA0163.1	39862	0.819302102495941	0.0463321365755578
MA0145.2	39862	0.852361984570063	0.0364198724016675
MA0468.1	39862	0.841602899815169	0.0514094250131216
MA0515.1	39862	0.896064402027537	0.0443882943085282
MA0258.2	39862	0.821700881300481	0.0376692022683923
MA0595.1	39862	0.880422679907317	0.0430152232582964
MA0596.1	39862	0.865554912638033	0.0452512237091096
MA0599.1	39862	0.941873106526248	0.0514166485135506
MA0604.1	39862	0.86031116655555	0.0516177707123821
MA0608.1	39862	0.854931877769507	0.0483196941681691
MA0613.1	39862	0.875030535013885	0.0650349021665991
MA0614.1	39862	0.89923576307425	0.0562552876713068
MA0636.1	39862	0.802417030185057	0.052485302255339
MA0641.1	39862	0.797568986637982	0.0457230244799178
MA0042.2	39862	0.893818596163331	0.0573902415000476
MA0033.2	39862	0.927355711884525	0.0550120737806263
MA0153.2	39862	0.770175948909098	0.0594954644211993
MA0486.2	39862	0.772281946633735	0.0502694120753786
MA0653.1	39862	0.720225217672456	0.0455493057838502
MA0655.1	39862	0.810135665073846	0.0555049529810017
MA0660.1	39862	0.802998730003731	0.066152403770816
MA0663.1	39862	0.802912273327099	0.0500262888038982
MA0665.1	39862	0.835633457012954	0.0431010286799711
MA0667.1	39862	0.822222170269747	0.0476935497973204
MA0669.1	39862	0.825257053071085	0.0459104155034531
MA0676.1	39862	0.87220681707182	0.0485309931213479
MA0678.1	39862	0.828743632261519	0.0473763002768741
MA0068.2	39862	0.862382851075722	0.0553558424916246
MA0512.2	39862	0.749548800898536	0.0432131305409426
MA0083.3	39862	0.715791704517351	0.0447296989459768
MA0009.2	39862	0.728960048743778	0.039836966868723
MA0689.1	39862	0.832277058401503	0.0415107410621255
MA0691.1	39862	0.828823121242001	0.050441295062019
MA0696.1	39862	0.788146990851838	0.0449188204205377
MA0713.1	39862	0.821999119202452	0.0624522176830323
MA0715.1	39862	0.799981556169839	0.0690200124918639
MA0724.1	39862	0.864666561413463	0.0527452159507197
MA0728.1	39862	0.750250567927924	0.0514566154746493
MA0729.1	39862	0.726937162187699	0.0422058698456233
MA0730.1	39862	0.734435428595586	0.0387958059519002
MA0731.1	39862	0.696487067711522	0.0412518157204211
MA0472.2	39862	0.821390158082305	0.0489178753482735
MA0736.1	39862	0.802225683277575	0.0419185378412506
MA0737.1	39862	0.761159918385929	0.0385068564479401
MA0741.1	39862	0.885593532117193	0.0582827634725676
MA0088.2	39862	0.769895200100385	0.0388149043867065
MA0758.1	39862	0.719385703155278	0.0453685972270356
MA0770.1	39862	0.785578837936808	0.0489338115483224
MA0771.1	39862	0.81022558061881	0.0451252945540417
MA0773.1	39862	0.81531217417479	0.0684784619133492
MA0774.1	39862	0.892971026924838	0.0496909313170642
MA0776.1	39862	0.769340312159185	0.0421971460039436
MA0777.1	39862	0.736113165961928	0.0396861603457803
MA0105.4	39862	0.751770561388381	0.0523752722910813
MA0780.1	39862	0.782661983906972	0.0667545397306159
MA0783.1	39862	0.757001382645336	0.0484521063685523
MA0787.1	39862	0.8157342427564	0.06017861532428
MA0788.1	39862	0.810945686544692	0.059298923032634
MA0789.1	39862	0.838456192686647	0.0643623128549776
MA0792.1	39862	0.859492929643767	0.0589882292952232
MA0794.1	39862	0.784841683409346	0.0410062986677285
MA0795.1	39862	0.782855775227447	0.0461647059414795
MA0796.1	39862	0.732154454573456	0.0509968977397291
MA0797.1	39862	0.76302959267123	0.0467185969067205
MA0511.2	39862	0.857353119305087	0.0443962154883165
MA0801.1	39862	0.891773671973304	0.0487218094387254
MA0803.1	39862	0.871816614094918	0.0534200599155469
MA0805.1	39862	0.871799002405896	0.0536278686583097
MA0806.1	39862	0.896238242779295	0.0458530348901376
MA0807.1	39862	0.902879328130075	0.042530024672359
MA0808.1	39862	0.905638366543921	0.0488617977293199
MA0813.1	39862	0.833870520229092	0.0529369027205456
MA0815.1	39862	0.826896426298235	0.0554344429041957
MA0816.1	39862	0.860976262140654	0.0480669003247414
MA0822.1	39862	0.754908766492912	0.0542289501496802
MA0823.1	39862	0.828418611271966	0.0568756474431449
MA0826.1	39862	0.81147391207516	0.050515546138987
MA0827.1	39862	0.850991544707864	0.0431378125050378
MA0838.1	39862	0.807449363665327	0.0461336878846827
MA0845.1	39862	0.84422634731345	0.0578803613375451
MA0032.2	39862	0.873099057495132	0.0552405258121139
MA0848.1	39862	0.911962689610796	0.0526946782633857
MA0849.1	39862	0.897217322115391	0.0569023169756054
MA0850.1	39862	0.940088147147793	0.0381074558780987
MA0855.1	39862	0.746444999550454	0.0433349823393154
MA0856.1	39862	0.756699935793963	0.0425127939161539
MA0857.1	39862	0.720546882427556	0.0472451602242186
MA0858.1	39862	0.727612982086278	0.0402338355490734
MA0860.1	39862	0.725384732575911	0.0444038885645064
MA0525.2	39862	0.723203129865409	0.0379668799160224
MA0106.3	39862	0.732076293851788	0.0361647839293439
MA0862.1	39862	0.83818936202784	0.0467546913530889
MA0863.1	39862	0.747984172876914	0.0379074208755815
MA0024.3	39862	0.787467158186233	0.0428671992511776
MA0866.1	39862	0.730541736468182	0.0509237290042117
MA0870.1	39862	0.7305644454177	0.0509551942439307
MA0872.1	39862	0.821884209014457	0.056741145346816
MA1124.1	39862	0.752521811943	0.0621056917407015
MA1155.1	39862	0.758689640625678	0.0425259161844738
MA1127.1	39862	0.783845407805948	0.051852510091388
MA1129.1	39862	0.795902208968896	0.0514116548342231
MA1136.1	39862	0.8087966746478	0.0498450545430455
MA1420.1	39862	0.770334927997347	0.0373758531249208
MA1421.1	39862	0.800892868302137	0.0452068177912969
MA1468.1	39862	0.875492007702229	0.0372689808197173
MA1485.1	39862	0.788373665023349	0.0432174780701603
MA1489.1	39862	0.813537955948021	0.0749393258791635
MA1493.1	39862	0.824441889520531	0.0425945319905013
MA1509.1	39862	0.820037560158736	0.0441805121296049
MA1538.1	39862	0.758688214577025	0.0406312950247379
MA1539.1	39862	0.745167834554632	0.0415866453315151
MA1555.1	39862	0.787236539432843	0.0389672259957797
MA1556.1	39862	0.783223977583165	0.040868943534814
MA1557.1	39862	0.806565731652271	0.0419941014934539
MA1570.1	39862	0.890986962961223	0.0392026301844541
MA1571.1	39862	0.777372064634647	0.0431492291549681
MA1572.1	39862	0.783961690103888	0.0422896280801234
MA1580.1	39862	0.820524870521136	0.0553762455627578
MA1587.1	39862	0.823496430041098	0.0642500938823905
MA1588.1	39862	0.759990819001323	0.0397523969732466
MA1594.1	39862	0.701600592647765	0.0307331714335005
MA1596.1	39862	0.820872214284146	0.0879081422427613
MA1597.1	39862	0.728295324296803	0.0395807202034756
MA0158.2	39862	0.902307365639604	0.0504504423579172
MA0912.2	39862	0.862141288848003	0.0573988303098032
MA0623.2	39862	0.826972372397055	0.0483593170363717
MA2093.1	39862	0.917305130180303	0.046750333032557
MA2094.1	39862	0.800661679040264	0.0333901107211042
MA2095.1	39862	0.827838640407417	0.0483441291039005
MA2096.1	39862	0.865913041731464	0.0498775124181828
MA1715.1	39862	0.750545117569773	0.0403204664961346
MA2097.1	39862	0.8018518578005	0.0451894808137325
MA2098.1	39862	0.868668471945463	0.0494910730281958
MA2099.1	39862	0.915408333504781	0.0528105572319086
MA1718.1	39862	0.689574434080434	0.0441148222649523
MA2100.1	39862	0.668195460476817	0.0391804443530893
MA2101.1	39862	0.802823425538121	0.0445913415650297
MA1684.1	39862	0.976520880326446	0.0412005563020982
MA2102.1	39862	0.820897065791048	0.053758886378394
MA1931.1	39862	0.75310466654065	0.0405215494064374
MA1957.1	39862	0.765877673616943	0.0390709310690363
MA1962.1	39862	0.764160845081742	0.0477214997180654
MA1972.1	39862	0.847751876951821	0.0381739406257299
MA1980.1	39862	0.797379896777111	0.0360465878477423
MA1985.1	39862	0.766958035688851	0.0430160383451028
MA2117.1	39862	0.883921588892206	0.0594030875364606
MA2118.1	39862	0.864376265515665	0.0580763501750898
MA2119.1	39862	0.913930135525244	0.0570130326018367
MA2120.1	39862	0.847226894320734	0.0360241904427675
MA2121.1	39862	0.867890166081143	0.0686985527212747
MA2122.1	39862	0.812666387347463	0.0508978202226216
MA2123.1	39862	0.871044492910726	0.0459070722025835
MA2124.1	39862	0.894433916888314	0.0828890601076197
MA2125.1	39862	0.894282853391571	0.0530486046563942
MA2126.1	39862	0.860261558710975	0.060389665087057
MA0079.5	39862	0.915101777005052	0.0732670780697443
MA0509.3	39862	0.721632481806526	0.0467416485071778
MA0516.3	39862	0.923175615260569	0.0646608265218797
MA0607.2	39862	0.804035619747736	0.0472371223572561
MA0685.2	39862	0.926004886391048	0.0660725433044616
MA0740.2	39862	0.928311325450183	0.0620993726204899
MA0742.2	39862	0.910541880992509	0.0714329917039805
MA0798.3	39862	0.723301410269831	0.0457354955204569
MA0818.2	39862	0.820848007712345	0.0482034740311703
MA0821.2	39862	0.839329576769074	0.0509852722569739
MA0831.3	39862	0.790952934519386	0.0531656676183165
MA0878.3	39862	0.841237144677039	0.0544388967459253
MA0884.2	39862	0.801473764751352	0.0559625812105429
MA1511.2	39862	0.918370362298282	0.0671550033551787
MA1532.2	39862	0.773043351672179	0.037648257863568
MA1547.2	39862	0.886696644104436	0.0581276891351171
MA1563.2	39862	0.935926943964843	0.0437635325405761
MA1573.2	39862	0.761180153095559	0.0540310572793277
MA1601.2	39862	0.805047215863074	0.040801815592581
MA1633.2	39862	0.828923665147489	0.0534741584436944
MA2323.1	39862	0.717471484573775	0.0456993118542208
MA2324.1	39862	0.89982901140565	0.0531501248360016
MA2325.1	39862	0.834889307679411	0.0492734658552085
MA2326.1	39862	0.956075402725177	0.065724140393799
MA2327.1	39862	0.86193093345827	0.063985588449782
MA2328.1	39862	0.852606412575294	0.0819002831048053
MA2329.1	39862	0.844792217166087	0.0539661685563916
MA2330.1	39862	0.831738367981882	0.0582700278176114
MA2331.1	39862	0.694682563695578	0.0344043229058296
MA2332.1	39862	0.856489043526471	0.0493421687663415
MA2333.1	39862	0.864501629520277	0.0705747431343039
MA2334.1	39862	0.765497899557891	0.0412832010685767
MA2335.1	39862	0.671037702013448	0.0418594505070481
MA2336.1	39862	0.902281288395535	0.0528815548569846
MA2337.1	39862	0.959227520281647	0.0625056922383792
MA2338.1	39862	0.895765287461139	0.0548029658488499
MA2339.1	39862	0.873647707698841	0.0524645636550455
MA2340.1	39862	0.812917081841539	0.050057619483213
MA2341.1	39862	0.923025954560731	0.0489407201230617
MA0619.2	39862	0.926460460367439	0.0681673404426359
MA0006.2	39862	0.957341885762941	0.0611774603967286
MA0854.2	39862	0.852828000065743	0.0668810303448168
MA0634.2	39862	0.92749128311728	0.0608158228468909
MA0853.2	39862	0.802797336642782	0.05420945177306
MA0690.3	39862	0.829398191976096	0.0433345730375812
MA0007.4	39862	0.755555185532924	0.0411256739354266
MA1463.2	39862	0.847306313449035	0.0699129562084209
MA0601.2	39862	0.913329490921104	0.0687236854114582
MA0602.2	39862	0.872479610916956	0.067631146350759
MA0259.2	39862	0.951406654303039	0.0616210849393873
MA1464.2	39862	0.846211228725855	0.0574320297643612
MA0603.2	39862	0.851517363643493	0.0547565388677569
MA0874.2	39862	0.83404080842489	0.058996118437563
MA1100.3	39862	0.912183424801263	0.0443748917891244
MA1631.2	39862	0.882256572609043	0.0516031028166653
MA1632.2	39862	0.83051587543784	0.0570278253790715
MA1988.2	39862	0.881980300471975	0.0583833930484072
MA0605.3	39862	0.780797583869158	0.0582572904459508
MA0833.3	39862	0.818964851656379	0.0523066176708842
MA1466.2	39862	0.757022774484933	0.0412040837405363
MA0834.2	39862	0.769604325021481	0.0566393977653297
MA0461.3	39862	0.878406579415177	0.0477553163380185
MA1467.3	39862	0.896852957102643	0.0563089070680566
MA0591.2	39862	0.802338307062943	0.0423919463522463
MA0496.4	39862	0.821631843297841	0.0567887367614059
MA1101.3	39862	0.797216277160605	0.0504678230868873
MA1470.2	39862	0.729063247555338	0.0386955534186559
MA0877.4	39862	0.908094746422919	0.053383452708269
MA0635.2	39862	0.945718136068413	0.0446666301277132
MA0875.2	39862	0.94277907504704	0.0552450866221248
MA1471.2	39862	0.886151368109853	0.0574669609186812
MA1634.2	39862	0.880283046102077	0.0598795772615258
MA0462.3	39862	0.88038182159574	0.0596697902037131
MA0489.3	39862	0.851296799906736	0.0570816444219614
MA0488.2	39862	0.843907581806997	0.0500606093486293
MA0835.3	39862	0.882909251811862	0.0584466688996723
MA1989.2	39862	0.84321035107005	0.0529721194010821
MA0463.3	39862	0.778873507550171	0.0411094011958804
MA1472.3	39862	0.864448331365309	0.0528358150989693
MA1635.2	39862	0.902340342069864	0.0792720063390223
MA0817.2	39862	0.810505406946762	0.0514649161529651
MA0464.3	39862	0.852423997416935	0.0558673981470943
MA1928.2	39862	0.875165586168348	0.0607816248239756
MA0876.2	39862	0.952811008754729	0.0508844981290974
MA0465.3	39862	0.858081736234244	0.0608453283472665
MA1473.2	39862	0.864511534225591	0.0593069024027174
MA0102.5	39862	0.822397769712643	0.0509178821422918
MA0466.4	39862	0.77447223920534	0.0467166042524454
MA0836.3	39862	0.85902586968052	0.0543618198333758
MA0837.3	39862	0.778464392037971	0.046724223921885
MA1636.2	39862	0.820797270216616	0.0512912251032778
MA0819.3	39862	0.891033282463812	0.0506123607287866
MA0018.5	39862	0.855227941818894	0.0638419104915339
MA0638.2	39862	0.790053514267261	0.0421250079053586
MA0839.2	39862	0.761345009677646	0.040784185416206
MA1474.2	39862	0.829445156822598	0.04341697356204
MA1475.2	39862	0.834890366642856	0.0500449928497803
MA0840.2	39862	0.793851811769923	0.0560104858452365
MA0609.3	39862	0.778574497214493	0.0570669467471453
MA0467.3	39862	0.906289673573339	0.0769038904292076
MA0139.2	39862	0.821371033342456	0.0441349531600821
MA1929.2	39862	0.703858851032893	0.0368891715387102
MA1930.2	39862	0.696403170127126	0.0356357895615644
MA1102.3	39862	0.887905654127469	0.0595346580365873
MA0754.3	39862	0.809616744313496	0.054453679023775
MA0650.4	39862	0.87141886528074	0.0562214557429393
MA0901.3	39862	0.853008846982352	0.060528530540825
MA0755.2	39862	0.813339068828998	0.0589239372710842
MA0639.2	39862	0.824053423694678	0.0544377876097856
MA0019.2	39862	0.870846068810593	0.0404518044265309
MA0879.3	39862	0.937026789533406	0.0513116083511384
MA0885.3	39862	0.840703147944879	0.0539831344659329
MA0880.2	39862	0.927027704368919	0.0608209858611775
MA0881.2	39862	0.927937941804871	0.0595422833144954
MA1476.3	39862	0.842821421581797	0.0548218544563443
MA0882.2	39862	0.929665836679506	0.0600589193082685
MA0883.2	39862	0.861598274672434	0.0499469523729865
MA1603.2	39862	0.846002555192373	0.0570104819779465
MA0610.2	39862	0.890967964301682	0.0596540626648306
MA1707.2	39862	0.859390949048762	0.0491981034068077
MA1478.2	39862	0.960655530942397	0.0371815233239919
MA1479.2	39862	0.825539849015589	0.048561809158419
MA1480.2	39862	0.849318697105964	0.0482773066802471
MA1481.2	39862	0.929183717535927	0.0619484505525614
MA0611.3	39862	0.786095504553166	0.0590553849014791
MA0864.3	39862	0.792443041763282	0.0450941173322127
MA0469.4	39862	0.724478364852095	0.0403072174285738
MA0756.3	39862	0.836958724987279	0.0528335371721237
MA0470.3	39862	0.774179757194128	0.043273560090311
MA0471.3	39862	0.89701395079722	0.0508251803691479
MA0865.3	39862	0.862961718562845	0.0499195261461659
MA0154.5	39862	0.818179254106275	0.052160521240611
MA1604.2	39862	0.848403263378705	0.0550467388159489
MA1637.2	39862	0.848767232595745	0.0574408355012174
MA0162.5	39862	0.852583509691265	0.0593538790528606
MA0732.2	39862	0.808311001786826	0.0614728440119928
MA0733.2	39862	0.828446179075929	0.0546953989767216
MA0598.4	39862	0.876713207242293	0.0480544714208562
MA0473.4	39862	0.861518886284853	0.0504272463307651
MA1483.3	39862	0.854298780427919	0.0444862164607928
MA0640.3	39862	0.876980057305754	0.0472992663762592
MA0136.4	39862	0.898408183332435	0.0472124931613067
MA0028.3	39862	0.82758152668313	0.0540543569622575
MA0800.2	39862	0.857124226449615	0.0462579742879837
MA1708.2	39862	0.896409004446691	0.0410077068867744
MA1495.2	39862	0.930865789200191	0.0525376046378581
MA1932.2	39862	0.75276982355489	0.0364312064175507
MA0779.2	39862	0.767787664554175	0.0325686840164292
MA0014.4	39862	0.85595647986471	0.0500609762403795
MA0781.2	39862	0.745671906784831	0.035408314680712
MA0686.2	39862	0.827778955559695	0.0432971292926174
MA1933.2	39862	0.758896298743751	0.0397878016736489
MA0828.3	39862	0.779368685122621	0.0552711482152298
MA0843.2	39862	0.816217658749363	0.0547106659473493
MA0759.3	39862	0.83195726443969	0.0547187740210864
MA0076.3	39862	0.879557485600882	0.0497185249449949
MA0612.3	39862	0.908848185470087	0.0693308623462445
MA0886.2	39862	0.910789750340216	0.0659334929091066
MA0027.3	39862	0.93532453266944	0.0580218783063321
MA0642.3	39862	0.915237566247549	0.0540833559431489
MA0760.2	39862	0.857155379396104	0.0444352609772399
MA1934.2	39862	0.808774838545752	0.0430687275316229
MA0820.2	39862	0.962506861949123	0.0508464855425696
MA1935.2	39862	0.897089421724564	0.0364801397887828
MA1936.2	39862	0.866821492364674	0.0344999173623997
MA0480.3	39862	0.887517445203309	0.0564282715884827
MA1937.2	39862	0.831165976159973	0.0383709343949529
MA0058.4	39862	0.885965646534539	0.0599179658532144
MA1938.2	39862	0.775570661788625	0.0369384023921918
MA0048.3	39862	0.867294187428052	0.0513422863724101
MA1939.2	39862	0.756623606834965	0.0341764546568846
MA0474.4	39862	0.852891280562896	0.0459117619489213
MA0112.4	39862	0.747389859881055	0.0432228302191
MA0592.4	39862	0.836437771123488	0.0553080733384668
MA0141.4	39862	0.814963651663892	0.0532862215174767
MA0643.2	39862	0.863570351016518	0.048709735058949
MA0644.3	39862	0.903841728229723	0.0609368231519263
MA0098.4	39862	0.872515246041087	0.0445489748380596
MA1484.2	39862	0.868921113621004	0.0463237007115146
MA0761.3	39862	0.866043497903752	0.0478318977400626
MA0762.2	39862	0.849176128762247	0.0453483509062262
MA1940.2	39862	0.798732329212172	0.0423902237312121
MA1941.2	39862	0.794453031132793	0.042059670362186
MA1942.2	39862	0.855180960101031	0.0420143160337356
MA1943.2	39862	0.803356352290166	0.0385380280358539
MA0763.2	39862	0.861910626787805	0.041699294956507
MA0764.4	39862	0.856033773774424	0.0498746248710383
MA0765.4	39862	0.827437942249367	0.0532741644661206
MA1944.2	39862	0.808685237820123	0.039271138070817
MA1945.2	39862	0.801950056535916	0.0417686672366776
MA1946.2	39862	0.839463474120859	0.0357803842698024
MA1947.2	39862	0.877059413396453	0.0379261736499647
MA1948.2	39862	0.81335986192921	0.0364997258681983
MA0900.3	39862	0.906385563367196	0.0741840292662036
MA0645.2	39862	0.878119078888949	0.0470669851984861
MA0887.2	39862	0.939843820788043	0.0528421222922625
MA0888.2	39862	0.939045962673784	0.0536343512660561
MA0156.4	39862	0.828624691329117	0.0513607123342995
MA0475.3	39862	0.856133458421654	0.0468900266674569
MA1949.2	39862	0.776597442178564	0.0363644917684624
MA1950.2	39862	0.84116371379456	0.0441774713981743
MA0476.2	39862	0.864377992921319	0.0589447174095078
MA1951.2	39862	0.749529906174064	0.0490226619862447
MA0099.4	39862	0.854426825091655	0.0499184142015414
MA1126.2	39862	0.807124329136724	0.051157035938957
MA1134.2	39862	0.843214990769541	0.0531614817070593
MA1140.3	39862	0.75958329572279	0.0536198614979419
MA0490.3	39862	0.816029399780912	0.0570862861403291
MA1141.2	39862	0.846868964092542	0.0524021799894498
MA0492.2	39862	0.84124836676987	0.048931682621174
MA0491.3	39862	0.816946757020198	0.0567985354094914
MA1135.2	39862	0.850308640820303	0.0529520303974799
MA0477.3	39862	0.828526633418049	0.0558398518758339
MA1128.2	39862	0.850095328220786	0.0514049311058357
MA1137.2	39862	0.85128523060992	0.0500559791711776
MA1142.2	39862	0.892176105549516	0.0450949838109405
MA1143.2	39862	0.84842337817338	0.0462972428910644
MA0478.2	39862	0.866940301924737	0.0520465167022763
MA1130.2	39862	0.85489807648083	0.0510043921311318
MA1131.2	39862	0.814680758768964	0.0522783669958281
MA1138.2	39862	0.846461448531812	0.0543799754673871
MA1139.2	39862	0.78972613142329	0.0556689442575249
MA1144.2	39862	0.847237480395507	0.0524584309786715
MA1145.2	39862	0.810867312470202	0.0536620986148679
MA0148.5	39862	0.853483094502996	0.0591307087990739
MA0047.4	39862	0.880699211093119	0.0596250803017531
MA1683.2	39862	0.883263629836462	0.0611845746939618
MA0846.2	39862	0.873780583182811	0.0547496796819686
MA0031.2	39862	0.887476688794245	0.0581682009776136
MA0847.4	39862	0.860302939649434	0.0549202469292348
MA0041.3	39862	0.83825459203753	0.0571386287963561
MA1487.3	39862	0.847452013970433	0.0541829673927762
MA1606.2	39862	0.898142277070073	0.0634317177934812
MA0030.2	39862	0.857420296026335	0.0557394995419639
MA0479.2	39862	0.877290379535391	0.0532070013953512
MA1952.2	39862	0.857493905393733	0.0405281058128808
MA0682.3	39862	0.920853202762841	0.0699044381222284
MA0851.2	39862	0.870412002622776	0.0582499143411589
MA0852.3	39862	0.892788806869346	0.056707268637051
MA1103.3	39862	0.884894135354353	0.0613207719475491
MA1607.2	39862	0.835784342036076	0.0574379049691799
MA1953.2	39862	0.82569591687449	0.0400144378777188
MA1954.2	39862	0.821361818912065	0.0429581756618497
MA1955.2	39862	0.815591307618989	0.0420459344199937
MA1956.2	39862	0.808897508941646	0.0411459980049976
MA0157.4	39862	0.889658112117313	0.0577981554504347
MA0481.4	39862	0.887126098646016	0.0606271852397219
MA0593.2	39862	0.887728647143181	0.0548390524236238
MA0040.2	39862	0.858824228603598	0.0552931864193597
MA0062.4	39862	0.842301747066659	0.0474344211517363
MA0035.5	39862	0.884706270867766	0.0535443764986687
MA0140.3	39862	0.803317419492738	0.0452018812503617
MA0036.4	39862	0.884621608069161	0.0596835398232644
MA0037.5	39862	0.859263597296303	0.0543924856872359
MA0482.3	39862	0.864064131150642	0.0514604423221612
MA0766.3	39862	0.899588973191163	0.0546315788162779
MA1104.3	39862	0.860226190187625	0.0551470204763743
MA0889.2	39862	0.897265341798675	0.0661959816759962
MA0890.2	39862	0.916430541715316	0.0695315502215289
MA0646.2	39862	0.831142638311603	0.0389857962304119
MA0143.5	39862	0.893229855239038	0.0546837095477641
MA0767.2	39862	0.873002718622575	0.0411475447361479
MA0038.3	39862	0.834099845484244	0.0455575577187012
MA0483.2	39862	0.876914994711185	0.0443900901434698
MA1990.2	39862	0.826266637316287	0.0454441447533424
MA0734.4	39862	0.851014448851493	0.0476199489987654
MA1491.3	39862	0.748295881346303	0.0401245741197819
MA0735.2	39862	0.722741705131882	0.041682883601576
MA0615.2	39862	0.909006887647166	0.0493441194170391
MA0647.2	39862	0.79700221090415	0.0496074272676458
MA1105.3	39862	0.852169208464889	0.0521923078318773
MA0648.2	39862	0.930482942834817	0.0643185600259181
MA0891.2	39862	0.937259601700041	0.0561078910569459
MA0892.2	39862	0.947405766677696	0.0464498140792912
MA0893.3	39862	0.941444275294115	0.0450278673823075
MA0092.2	39862	0.912207901355368	0.0347659868562944
MA0522.4	39862	0.911970585025044	0.0535594453799601
MA1638.2	39862	0.923274453766026	0.0703318794479832
MA1099.3	39862	0.887513178280286	0.0605258082058546
MA0616.3	39862	0.846254479362008	0.0588619762438177
MA0894.2	39862	0.918229726490506	0.0709415093717494
MA0649.2	39862	0.853530164109321	0.0517643848059057
MA0739.2	39862	0.904482294353273	0.0393320779756625
MA0738.2	39862	0.977362634909591	0.0304056165135399
MA1106.2	39862	0.886007666402965	0.0628997780069733
MA0131.3	39862	0.872014953449108	0.0557324978012701
MA0043.4	39862	0.832242827240199	0.0583834680585601
MA0895.2	39862	0.905159632361259	0.0521181988541702
MA0896.2	39862	0.840638148108389	0.0536610652588084
MA0897.2	39862	0.7871460276706	0.0500252483639013
MA0898.2	39862	0.843935672793694	0.0542059635698603
MA1991.2	39862	0.836004392443768	0.0455999215426952
MA0046.3	39862	0.785541641036111	0.0596205054612346
MA1494.2	39862	0.756511512151714	0.0410208249606222
MA0114.5	39862	0.833666079923322	0.049260106242126
MA0484.3	39862	0.83703212860544	0.0485009733363721
MA0899.2	39862	0.885214591157202	0.0558619150014706
MA0911.2	39862	0.86064774354008	0.0455750595511609
MA1496.2	39862	0.935878592917433	0.0432082237578883
MA1497.2	39862	0.918627213138561	0.0475513649068287
MA1498.3	39862	0.954956609639042	0.0476946926426271
MA0594.3	39862	0.911585789912135	0.0413529360050177
MA0902.3	39862	0.946699673308577	0.0571025190364761
MA1566.3	39862	0.85465720978832	0.046380641839125
MA0903.2	39862	0.949672667515205	0.0511252900853254
MA1499.2	39862	0.926880431864299	0.070437530318815
MA0904.3	39862	0.922405364420475	0.0614858989330135
MA1500.2	39862	0.932348709851253	0.0448535361729646
MA1501.2	39862	0.904539155580178	0.0515673391519037
MA1502.2	39862	0.92268801559681	0.0551849553884387
MA1503.2	39862	0.835164470326723	0.0516389062804587
MA0905.2	39862	0.873107990889549	0.0503117397580894
MA0651.3	39862	0.774065624290421	0.0481054685072813
MA0906.2	39862	0.813171166052038	0.0482060633560761
MA0907.2	39862	0.826363294869388	0.0509631036674591
MA1504.2	39862	0.941850159207327	0.0592473523965635
MA1505.2	39862	0.941725721863588	0.0474535901769068
MA0485.3	39862	0.823022758427743	0.0529335596538179
MA1506.2	39862	0.811490984660792	0.048572633009967
MA0908.2	39862	0.858124906449418	0.0499245142486518
MA0873.2	39862	0.821524383806151	0.0474205625183766
MA1958.2	39862	0.755091010514915	0.0411193195408301
MA0909.4	39862	0.882457240732813	0.0708713198722848
MA1507.2	39862	0.938203458119304	0.0646890772893101
MA0910.3	39862	0.922861398532374	0.0552128098845875
MA0913.3	39862	0.867102332894075	0.0578359342928916
MA1508.2	39862	0.888812647453752	0.0490866466436221
MA1992.2	39862	0.871889644531738	0.0477377767215187
MA0050.4	39862	0.825794239045111	0.0529269719613193
MA0051.2	39862	0.793288590571319	0.0426720521138535
MA1418.2	39862	0.749542365660253	0.0436105545071151
MA1419.2	39862	0.728666667864133	0.0431202598321133
MA0772.2	39862	0.799116141036033	0.0479558579067705
MA0652.2	39862	0.744957453431417	0.0442444178892107
MA1608.2	39862	0.877108811641192	0.0554722682308935
MA0914.2	39862	0.949757895008214	0.0442905224890883
MA0654.2	39862	0.912343677364778	0.073495099107029
MA0656.2	39862	0.785322737373114	0.0566754467476224
MA1132.2	39862	0.879400044849656	0.0473485448155443
MA1133.2	39862	0.798972282437386	0.0489447451444544
MA0493.3	39862	0.947124303233626	0.0623591949879765
MA1512.2	39862	0.889654999156766	0.0537835838241262
MA0657.2	39862	0.760405545163932	0.0410188294394054
MA1513.2	39862	0.906362031706821	0.0869725256162967
MA1514.2	39862	0.807241247567362	0.046758021817998
MA1515.2	39862	0.937712933425754	0.0563266557825849
MA1516.2	39862	0.869274422752322	0.0603455880911412
MA0039.5	39862	0.919881517392093	0.0623423256297349
MA1517.2	39862	0.909153066562021	0.0517874556046152
MA1959.2	39862	0.93587268587437	0.0654625477466787
MA1107.3	39862	0.839203098845846	0.0533344742533086
MA0618.2	39862	0.903903703200926	0.0549604725091218
MA0699.2	39862	0.926652452236389	0.0602790050648696
MA0768.3	39862	0.857056441752766	0.0527363277601567
MA1518.3	39862	0.798049648919546	0.0522813238015069
MA0700.3	39862	0.899072331187351	0.070774605618486
MA0135.2	39862	0.834940700589998	0.0620942746795773
MA0704.2	39862	0.92414465403985	0.0542109012017305
MA1519.2	39862	0.889964330006213	0.068816143005967
MA0658.2	39862	0.864566352289013	0.0585819023812339
MA0705.2	39862	0.932701041731947	0.0589855715068794
MA0701.3	39862	0.887427646259526	0.0631760325467155
MA0702.3	39862	0.865412678558821	0.0755066748303782
MA0703.3	39862	0.831212035215013	0.0781134002015149
MA1520.2	39862	0.781654957634534	0.037806925865528
MA0501.2	39862	0.804193743838701	0.0449776325321927
MA0841.2	39862	0.794273843099557	0.0536264984411687
MA1521.2	39862	0.786123381598903	0.0385254608644004
MA0117.3	39862	0.848135008472687	0.0432026770345655
MA0495.4	39862	0.806752804933874	0.0479904452658046
MA0659.4	39862	0.781813020428383	0.0464635997283371
MA0089.3	39862	0.790985100691355	0.0463274963826594
MA0059.2	39862	0.826068815033347	0.0473251062259399
MA0147.4	39862	0.855320332592759	0.056130184244996
MA1522.2	39862	0.917543434748692	0.0686095636686679
MA0029.2	39862	0.807554686504904	0.0500737893798611
MA0052.5	39862	0.845200991176931	0.0670110653601583
MA0497.2	39862	0.867045021270591	0.0571788396727281
MA0498.3	39862	0.97926804252868	0.0407587436981911
MA1639.2	39862	0.837887021936052	0.0556691279533238
MA1640.2	39862	0.835435487376262	0.0599413476836445
MA0775.2	39862	0.932820051526563	0.04601131878705
MA0661.2	39862	0.901684653773693	0.0569229213514496
MA0706.2	39862	0.905411466010721	0.0524435105994104
MA1960.2	39862	0.81983755122628	0.0457706502756856
MA0620.4	39862	0.806892056784596	0.0516307917685866
MA0621.2	39862	0.854952452248122	0.0841318157662017
MA0662.2	39862	0.930777163528273	0.057690310786501
MA0622.2	39862	0.854201160670982	0.073887162675404
MA0664.2	39862	0.864514545202009	0.0510827058008609
MA0825.2	39862	0.890046187287718	0.0557525512975881
MA0707.3	39862	0.947564093572049	0.0576307350876844
MA1523.2	39862	0.922608661248356	0.0448027396855383
MA1524.3	39862	0.835137496348647	0.0461843534131565
MA0666.3	39862	0.919384961192795	0.0645038198074149
MA0708.3	39862	0.922654111796334	0.0613641285592471
MA0709.2	39862	0.912231560074477	0.0692867795965804
MA1108.3	39862	0.913406773731883	0.0659882052077334
MA0100.4	39862	0.905166451078481	0.0677617381978058
MA0104.5	39862	0.836469591319335	0.0559667386809609
MA1641.2	39862	0.86100374343065	0.0552705868321415
MA0499.3	39862	0.868824025437279	0.0480599001479665
MA0500.3	39862	0.880829207470245	0.0623428631305368
MA0056.3	39862	0.872951256796094	0.0489328553276734
MA1109.2	39862	0.884513622736662	0.0483022589300982
MA1993.2	39862	0.904621053431038	0.0776810132067191
MA0668.3	39862	0.882467164012611	0.0483306566406427
MA1642.2	39862	0.899784392537265	0.0538792981854466
MA0606.3	39862	0.886706792670174	0.0522442322492602
MA0624.3	39862	0.942345449754831	0.0675377364824571
MA0152.3	39862	0.87980544618703	0.0559178687564849
MA0625.3	39862	0.974742812101735	0.0340124462310849
MA1525.3	39862	0.902696642150592	0.0509016853176102
MA0150.3	39862	0.803249410733374	0.0458955629800546
MA0670.2	39862	0.892780091315037	0.0802293824595091
MA1643.2	39862	0.742255678558236	0.0451542247292805
MA0161.3	39862	0.889553066992445	0.051367748482568
MA1527.2	39862	0.773827790758334	0.0479494427854119
MA0025.3	39862	0.836596369300093	0.0611364008620415
MA0671.2	39862	0.965621470882712	0.0299372951018709
MA1528.2	39862	0.79089269076519	0.0470782227955452
MA0778.2	39862	0.800759527601349	0.0565851123357667
MA0060.4	39862	0.869722878231162	0.0562530097748937
MA0502.3	39862	0.855895365133768	0.0530847851710888
MA1644.2	39862	0.885778276601448	0.0568487124240153
MA1529.2	39862	0.765146406919036	0.0459837027936383
MA1994.2	39862	0.88477064794735	0.0615354878924868
MA1645.2	39862	0.868444771938656	0.0459619667007889
MA0672.2	39862	0.908434525195175	0.0431525268496197
MA2003.2	39862	0.921697339537041	0.0356356773289644
MA0063.3	39862	0.890815533956779	0.0493900399360837
MA0673.2	39862	0.931036480846102	0.0330763233464829
MA0124.3	39862	0.904294915440554	0.046525723033309
MA0122.4	39862	0.835550641080939	0.0529666959925154
MA0674.2	39862	0.915524361770874	0.0578370883572924
MA0675.2	39862	0.947185151940022	0.0536436267885436
MA1530.2	39862	0.907183806219167	0.0524721778851838
MA0125.2	39862	0.92985204057282	0.0589232289725005
MA0710.2	39862	0.92134890396327	0.0536071293037582
MA0626.2	39862	0.877359379739755	0.0512213404523351
MA1995.2	39862	0.858604708703038	0.0508327249097522
MA1531.2	39862	0.799621295698519	0.0391036533750765
MA1996.2	39862	0.925351151138107	0.0707509867384567
MA0494.2	39862	0.833050349429768	0.0375662336053273
MA1110.3	39862	0.933915009882635	0.0637617929246611
MA1146.2	39862	0.789789744460013	0.0355881138731058
MA1533.2	39862	0.81296310830866	0.0327596340590608
MA1534.2	39862	0.896976736357979	0.0475847519499338
MA1535.2	39862	0.966353685497946	0.0497146847104804
MA0504.2	39862	0.842908102948854	0.0354412468717918
MA1536.2	39862	0.980179170640843	0.0266158263407892
MA0164.2	39862	0.879100729398623	0.0693517731129062
MA0017.3	39862	0.857665505031939	0.0514437818492791
MA1537.2	39862	0.780830139434852	0.0408419399431491
MA1111.2	39862	0.897908403264817	0.0545641382257396
MA0677.2	39862	0.772033851390325	0.0422554881843786
MA0113.4	39862	0.758335801777434	0.0448397272807038
MA0727.2	39862	0.759274642826259	0.0449327814326223
MA1112.3	39862	0.873310878534454	0.0518213899032043
MA0160.3	39862	0.892663153013064	0.0457240781502176
MA1147.2	39862	0.803854161209162	0.0359267129270301
MA1540.3	39862	0.789694803209666	0.0492540907151239
MA0505.3	39862	0.841906460440191	0.0514133513137606
MA1541.2	39862	0.791887517085138	0.0405304101803915
MA0506.3	39862	0.799837299605554	0.070922854326279
MA0842.3	39862	0.822542075098248	0.0439810245339143
MA1997.2	39862	0.907747799821282	0.0754489978847729
MA0679.3	39862	0.822007173688746	0.0673643187045322
MA0757.2	39862	0.785945187634951	0.0637880160100583
MA1542.2	39862	0.872538001606107	0.0437728172866
MA1646.2	39862	0.880174243919379	0.0493093298549585
MA0711.2	39862	0.934664611201036	0.0603894958088944
MA0712.3	39862	0.91052342851568	0.0676066598883207
MA1544.2	39862	0.795285157346195	0.0489625537843776
MA1545.2	39862	0.843253298819099	0.0486822979452823
MA1961.2	39862	0.907916292052491	0.0685863262429855
MA0067.3	39862	0.788739848387676	0.0325991716658561
MA1546.2	39862	0.779843027169695	0.0350070960407739
MA0680.3	39862	0.789902499273183	0.0689632392333184
MA0070.2	39862	0.843220573793421	0.0482754104552806
MA1113.3	39862	0.831272950593264	0.061489969761764
MA1114.2	39862	0.803139735660143	0.0485633472073029
MA0132.3	39862	0.933013545226534	0.0658699322942551
MA0681.3	39862	0.779579563005934	0.0708442822162618
MA0714.2	39862	0.935049723960947	0.0581149510101587
MA0782.3	39862	0.821079912331714	0.0522675464088439
MA1615.2	39862	0.879741628525059	0.0572362361616842
MA1548.2	39862	0.883259794106551	0.0649868489818933
MA0784.3	39862	0.760915752575092	0.0573668623621848
MA0785.2	39862	0.852678639072087	0.0593984895718757
MA0507.3	39862	0.774929991070692	0.0604695753605419
MA0627.3	39862	0.835753358760803	0.0622991584589861
MA0786.2	39862	0.847559298311111	0.0613228260612719
MA0790.2	39862	0.804453411282754	0.0659666373149451
MA0683.2	39862	0.738780285910984	0.0573408029593496
MA0791.2	39862	0.799013811686058	0.0665606231266729
MA1115.2	39862	0.898000210336444	0.0606747724962253
MA0628.2	39862	0.878189004041963	0.0775810055702737
MA1549.2	39862	0.896018482611721	0.0541016326476965
MA0793.2	39862	0.849229447996244	0.0567379569731199
MA1148.2	39862	0.784467564406626	0.0338837696691756
MA1550.2	39862	0.783062534551479	0.0393873299723513
MA0066.2	39862	0.767285834287401	0.031705145751268
MA0065.3	39862	0.851103422627791	0.0359302590970818
MA0508.4	39862	0.910525326242213	0.0571646445407366
MA1998.2	39862	0.858241602291232	0.0517097041952207
MA1616.2	39862	0.81615156750777	0.0435130601553945
MA1647.3	39862	0.827564296934546	0.0444825838376021
MA1999.2	39862	0.814914560246952	0.0425697199647033
MA1723.2	39862	0.841827686754507	0.0410510777704351
MA0716.2	39862	0.930054918348349	0.0633333174531936
MA0075.4	39862	0.875692467734231	0.0719596995258616
MA1618.2	39862	0.861297909609528	0.0495816133161715
MA1619.2	39862	0.871999941033469	0.0553453778029155
MA1620.2	39862	0.887921664657922	0.0541664023543888
MA1149.2	39862	0.812843275744041	0.0359932281739231
MA1552.2	39862	0.78689190692641	0.0380817617663126
MA0859.2	39862	0.746262154411014	0.0497263515698062
MA1553.2	39862	0.775705647259917	0.039594427082726
MA0718.2	39862	0.933172746934518	0.0623631937711464
MA0717.2	39862	0.931373358912735	0.0614332632564788
MA1116.2	39862	0.947025442848336	0.0654930840027976
MA1117.2	39862	0.89194494704342	0.0474121881907685
MA0138.3	39862	0.714780786672303	0.0395940753839644
MA0600.3	39862	0.751425646442373	0.0475169928769599
MA0799.3	39862	0.744182517930211	0.0474489317351006
MA0510.3	39862	0.740317046967216	0.0480211787104513
MA1724.2	39862	0.838101756259274	0.0461027434188949
MA1554.2	39862	0.911849142880297	0.0339208786929747
MA0629.2	39862	0.877010062122058	0.0426457394582598
MA0719.2	39862	0.982086235382332	0.0228246121796448
MA0072.2	39862	0.816510079765277	0.048451001369628
MA1150.2	39862	0.865000044609185	0.0415009753077186
MA1151.2	39862	0.876167948230885	0.0392368342085637
MA0073.2	39862	0.820147915602927	0.0441147301549773
MA0002.3	39862	0.893486611300722	0.040619246983488
MA0684.3	39862	0.88092591102666	0.0510294465786319
MA1963.2	39862	0.860510327500614	0.0681924408847346
MA0743.3	39862	0.825463277160812	0.045998069255258
MA0744.3	39862	0.823426838592869	0.0458728489738412
MA0630.2	39862	0.935487861479028	0.0627146292645264
MA0720.2	39862	0.925828549946869	0.0666831824426205
MA1118.2	39862	0.847589879771078	0.0483037897010491
MA1119.2	39862	0.803692686512272	0.0470171999392411
MA0631.2	39862	0.797548584990049	0.0456174856977637
MA2001.2	39862	0.889553247580541	0.0522517616982998
MA1964.2	39862	0.932383725144257	0.0629896711621436
MA1153.2	39862	0.905129607051716	0.0625053044335124
MA1558.2	39862	0.930944699625103	0.0546471205083699
MA0745.3	39862	0.884684199126653	0.0558414832560888
MA1559.2	39862	0.88038303708942	0.0522591519365351
MA1560.2	39862	0.840455922029597	0.055175845699204
MA0442.3	39862	0.92593695252182	0.0697932335687727
MA0869.3	39862	0.879919988922711	0.0489152529161727
MA1561.2	39862	0.801595103557484	0.0442771571223241
MA1120.2	39862	0.889689395933766	0.0585959748387365
MA1562.2	39862	0.825378200941446	0.0483870707485659
MA1152.2	39862	0.949758112353892	0.0435150420533778
MA0078.3	39862	0.82612398032176	0.0492098804570303
MA0514.3	39862	0.891531742860431	0.0555434906777084
MA0867.3	39862	0.917412171341991	0.0495008909926804
MA0087.3	39862	0.869270300302678	0.0494570103513304
MA0868.3	39862	0.91708686006115	0.0541685651975828
MA0077.2	39862	0.886363420110574	0.0469985880578503
MA0746.3	39862	0.87342348667743	0.059525121496761
MA1965.2	39862	0.974594213668198	0.0575334147220558
MA0747.2	39862	0.895340848949621	0.0459432487568421
MA1564.2	39862	0.898150001456517	0.0593671647120155
MA0080.7	39862	0.806792683967771	0.0448087770831594
MA0081.3	39862	0.817128881517168	0.0433872434747022
MA0687.2	39862	0.836699128042744	0.0394551138422888
MA0829.3	39862	0.821972681567411	0.0552325172290261
MA0084.2	39862	0.943510998368414	0.0448800048274499
MA0137.4	39862	0.880185309183679	0.0500057091927183
MA0517.2	39862	0.83625214447275	0.0456570477328682
MA1623.2	39862	0.853952895926997	0.0585027969662828
MA0144.3	39862	0.899863738887024	0.0434484713882178
MA0518.2	39862	0.885211565810739	0.0462707182092848
MA1624.2	39862	0.851860492434326	0.0530603401788859
MA0519.2	39862	0.896377954779074	0.0445781103453034
MA1625.2	39862	0.848547852110679	0.0551326802933338
MA0520.2	39862	0.871488747242002	0.0491886755653579
MA0091.2	39862	0.855326012236791	0.0448419510726268
MA0108.3	39862	0.92448107765337	0.0622610250094922
MA0802.2	39862	0.853850204744675	0.0460265499422557
MA1565.2	39862	0.87006126139006	0.0458555569563181
MA0804.2	39862	0.730787397892893	0.0396150096121105
MA0688.2	39862	0.877151462748019	0.0427199477796964
MA1567.3	39862	0.859352910599574	0.0461056859482539
MA0521.3	39862	0.912272377818097	0.0716798485398609
MA1648.2	39862	0.91311838769662	0.0534328352107697
MA0832.2	39862	0.789821383738993	0.0502121058838835
MA1568.2	39862	0.850035560656683	0.0384446674255706
MA0830.3	39862	0.897062602220258	0.0526421171888145
MA0769.3	39862	0.897065668713889	0.0597878208289414
MA0523.2	39862	0.880390891962718	0.0468477524433693
MA0632.3	39862	0.878110662071787	0.0622656442638737
MA0090.4	39862	0.843552528435327	0.0507875083739737
MA1121.2	39862	0.89082664582075	0.0515494145708697
MA0809.3	39862	0.869388116509969	0.0513300644837981
MA0810.2	39862	0.904505062546245	0.0479122992749
MA0003.5	39862	0.871177041771255	0.0556038135876916
MA0811.2	39862	0.8889015210658	0.0474800335299154
MA0812.2	39862	0.888820666840587	0.0546951010365095
MA0524.3	39862	0.886025730543644	0.0474847652844254
MA0814.3	39862	0.874915771772478	0.0545270758436062
MA1569.2	39862	0.912523700150852	0.0600364113523322
MA1966.2	39862	0.816471956117614	0.0419607404819686
MA1967.2	39862	0.753411892669443	0.0429934472141097
MA1968.2	39862	0.840104342370199	0.0439967030355919
MA1122.2	39862	0.88028935062017	0.0593227278664396
MA0692.2	39862	0.876430724220028	0.0493280438318018
MA0871.3	39862	0.837075422472422	0.0569236429614677
MA0597.3	39862	0.897563047235767	0.0526882255381642
MA1969.2	39862	0.765469710400578	0.0427357069659286
MA1574.2	39862	0.825486897310066	0.0354786317813567
MA1575.2	39862	0.768380968637368	0.0404046002435726
MA1576.2	39862	0.76389411519075	0.0361740943351634
MA1577.2	39862	0.923338617414246	0.0793876910903449
MA0861.2	39862	0.766743109221096	0.0402757128333326
MA1970.2	39862	0.854259761223343	0.0570300757468483
MA1123.3	39862	0.873095949490147	0.0496662916783857
MA0633.3	39862	0.904969692774376	0.0773506390696706
MA0721.2	39862	0.928728147139258	0.0620212271538346
MA0093.4	39862	0.812710584677295	0.0500588938997067
MA0526.5	39862	0.79184600506601	0.05448453473611
MA0722.2	39862	0.912264582775068	0.0551619568804467
MA0723.3	39862	0.95211371627902	0.0427557941739235
MA0693.4	39862	0.897750895572809	0.056315410243567
MA1578.2	39862	0.936944849212917	0.0635956895278337
MA0725.2	39862	0.89087319518946	0.0637570135160042
MA0726.2	39862	0.882035809293976	0.065384694124166
MA1627.2	39862	0.869914339941588	0.055804853465157
MA0844.2	39862	0.799981037583903	0.0435230849743545
MA0095.4	39862	0.877634493765801	0.0554700783931703
MA0748.3	39862	0.878471727449388	0.051665487847211
MA0749.2	39862	0.731994389875872	0.040525772368122
MA1971.2	39862	0.871856730224232	0.0476164382991875
MA1649.2	39862	0.897424804011882	0.0542555456876746
MA1650.2	39862	0.860491754235415	0.0647007429757769
MA0698.2	39862	0.829442244457138	0.0467027981905644
MA1579.2	39862	0.895209594843228	0.0534550423074436
MA0527.2	39862	0.803380646224778	0.0551873162267346
MA1581.2	39862	0.873402755880403	0.0520221613105115
MA0750.3	39862	0.862083342212113	0.0529393975688272
MA0694.2	39862	0.84157628482467	0.047177697316715
MA0695.2	39862	0.898133784416958	0.0429727507540896
MA0103.4	39862	0.945981154431001	0.0644258615005302
MA2002.2	39862	0.929631793349497	0.0450409980621393
MA1651.2	39862	0.777118204301744	0.0471642598058172
MA1583.2	39862	0.871875252042903	0.0533771463272012
MA0146.3	39862	0.905756049113242	0.0584277610297653
MA1628.2	39862	0.915031882670407	0.0557609424622893
MA1629.2	39862	0.864481054387912	0.0515583889384344
MA0697.3	39862	0.907138810691948	0.0599717649259464
MA0751.2	39862	0.821774574810816	0.0422090925623057
MA1584.2	39862	0.78800049322652	0.045004905656453
MA1709.2	39862	0.828855309967294	0.0502643341621087
MA1585.2	39862	0.831091819856959	0.052884828609421
MA1973.2	39862	0.76552509291883	0.0427723240981591
MA1652.2	39862	0.876854883071929	0.0504212928556705
MA1589.2	39862	0.724348860859372	0.0372702935766313
MA1653.2	39862	0.881692712062149	0.0710560423468477
MA1654.2	39862	0.728737755545038	0.034653865292907
MA1725.2	39862	0.851829403906927	0.0490325038219186
MA1974.2	39862	0.792968188948722	0.0583216586451354
MA1975.2	39862	0.807514651009608	0.0379304820493205
MA1710.2	39862	0.915369713741892	0.043340983730109
MA0528.3	39862	0.927076243917954	0.0637209140320528
MA1592.2	39862	0.815171472773607	0.0391925912273208
MA1630.3	39862	0.888825333287781	0.0686170666694697
MA1154.2	39862	0.77420815579745	0.0383101318152858
MA1593.2	39862	0.86829245156293	0.0523686029916869
MA1976.2	39862	0.777072722903644	0.0436667644695731
MA1977.2	39862	0.809178290468913	0.036136829490303
MA1726.2	39862	0.839025606407396	0.0514321988633433
MA1655.2	39862	0.872576145953094	0.0484319253307459
MA1711.2	39862	0.763008261898552	0.0415733500778952
MA1978.2	39862	0.778113005070284	0.048970696582593
MA1125.2	39862	0.91119332101635	0.0888013867529498
MA0752.2	39862	0.715641594917105	0.0431205249181281
MA1979.2	39862	0.849600170962934	0.0452180021473125
MA1727.2	39862	0.872543813859807	0.0633285277579305
MA1656.2	39862	0.839086750084529	0.0460853943277483
MA1712.2	39862	0.812410421844721	0.0523920967589976
MA1981.2	39862	0.832345527228514	0.0483487435197011
MA1728.2	39862	0.885347102394998	0.0529288113736786
MA1982.2	39862	0.81019247816963	0.0432379365958186
MA1983.2	39862	0.698895034733121	0.0366012871532088
MA1713.2	39862	0.83394582207835	0.0691571036035986
MA1657.2	39862	0.82968189520028	0.0569436990557201
MA1984.2	39862	0.830488201273601	0.039167428750149
MA1714.2	39862	0.768807778561558	0.0334567244114379
MA1729.2	39862	0.81855916185365	0.0439099697708267
MA1599.2	39862	0.814572069630153	0.0543124595223458
MA1600.2	39862	0.767002441849042	0.0386440349500519
MA1986.2	39862	0.89590826796835	0.0637340103286163
MA1987.2	39862	0.813054130235267	0.0358845194872779
MA1730.2	39862	0.85399337385145	0.048930105564088
MA0753.3	39862	0.848018016907803	0.0583537849562629
MA1716.2	39862	0.772478408278274	0.0391155999717758
MA1731.2	39862	0.893045520617051	0.0470393807364574
MA1717.2	39862	0.853579812120975	0.0468692044176871
MA1719.2	39862	0.775127990237885	0.0455149104432182
MA1720.2	39862	0.805583000448931	0.0451035525934537
MA1721.2	39862	0.802639983773578	0.0655303965725313
MA1602.2	39862	0.810498320585579	0.0418492959150736
MA1722.2	39862	0.729075061253797	0.0342782289495625
