[SHORT TFBS MATRIX]
MA0004.1	39805	0.859869768921325	0.0677079432846067
MA0069.1	39805	0.769061674069186	0.0391442827929333
MA0071.1	39805	0.825605887948622	0.0542225847338264
MA0074.1	39805	0.756747013062721	0.0392097371191731
MA0101.1	39805	0.870482929383456	0.0444689666002971
MA0107.1	39805	0.826827065332433	0.0533386277416609
MA0111.1	39805	0.867073158930383	0.0314023122930231
MA0115.1	39805	0.675579988184361	0.0444950760766965
MA0116.1	39805	0.826312786719537	0.0437298623518867
MA0119.1	39805	0.738554323111406	0.0505821014877147
MA0130.1	39805	0.962277248649899	0.0379746255132155
MA0142.1	39805	0.75236637737236	0.0565604141993091
MA0149.1	39805	0.688488086357508	0.055518743320721
MA0151.1	39805	0.896383278813283	0.0871559258009373
MA0155.1	39805	0.856624886360627	0.0422993439692142
MA0159.1	39805	0.797479909125657	0.0338522318851632
MA0163.1	39805	0.800258762214928	0.0516605933131278
MA0145.2	39805	0.834589436678445	0.0404342282665514
MA0468.1	39805	0.803216589062191	0.0623039447313849
MA0515.1	39805	0.864731792834354	0.0518679659413543
MA0258.2	39805	0.800450410151384	0.0408558367381665
MA0595.1	39805	0.85262035939719	0.0467893488023919
MA0596.1	39805	0.835022887276167	0.04847603369999
MA0599.1	39805	0.926615649721762	0.0619240257519506
MA0604.1	39805	0.838190010517551	0.0554711031314626
MA0608.1	39805	0.830161293551871	0.0540690867028044
MA0613.1	39805	0.829766853353934	0.0774151014860966
MA0614.1	39805	0.856580054331283	0.0698070941671897
MA0636.1	39805	0.775050606973645	0.0571846876777656
MA0641.1	39805	0.777197894203037	0.051249923700577
MA0042.2	39805	0.852267750251344	0.0690263728316193
MA0033.2	39805	0.885494323856268	0.0676223517566628
MA0153.2	39805	0.726951869882251	0.0706301081313708
MA0486.2	39805	0.740119450614616	0.0539562025549062
MA0653.1	39805	0.690200455342613	0.0496192534171093
MA0655.1	39805	0.771959082060334	0.0634215264727021
MA0660.1	39805	0.752317312915069	0.0743351076363585
MA0663.1	39805	0.773521954547848	0.0556976211278062
MA0665.1	39805	0.80799150130536	0.0472432109607088
MA0667.1	39805	0.790683853750519	0.0523809220056755
MA0669.1	39805	0.794259989349608	0.0499919963615961
MA0676.1	39805	0.837183184998467	0.0570611970716044
MA0678.1	39805	0.795243982540932	0.0520993248823515
MA0068.2	39805	0.819667776976293	0.0690823809004191
MA0512.2	39805	0.724027882040291	0.0458054145611439
MA0083.3	39805	0.68588663285667	0.0490800098095941
MA0009.2	39805	0.70134806027158	0.0427761634086928
MA0689.1	39805	0.801976915535894	0.0467441623397583
MA0691.1	39805	0.795209163487211	0.056551471837505
MA0696.1	39805	0.772187268241401	0.0493093295797452
MA0713.1	39805	0.77632592898917	0.0751715986515354
MA0715.1	39805	0.747641915571846	0.0844640850006523
MA0724.1	39805	0.82493160263257	0.0638809246937133
MA0728.1	39805	0.715307854296969	0.0485596520126927
MA0729.1	39805	0.696752908249078	0.0429402806771557
MA0730.1	39805	0.711394281412314	0.0409397324593652
MA0731.1	39805	0.669050983312486	0.0449170945980658
MA0472.2	39805	0.806038755734828	0.0550775603558303
MA0736.1	39805	0.787104090293238	0.0463756946388387
MA0737.1	39805	0.742541228735962	0.0415110466002224
MA0741.1	39805	0.869689654103155	0.0672792992377994
MA0088.2	39805	0.746887212024474	0.041870099185431
MA0758.1	39805	0.69232853090439	0.0488670303867459
MA0770.1	39805	0.753580130850523	0.052828356740347
MA0771.1	39805	0.782435198390302	0.0476494477434543
MA0773.1	39805	0.762416727357709	0.0776558811424913
MA0774.1	39805	0.861350640398337	0.0561173753071048
MA0776.1	39805	0.743397086809527	0.0454210894274126
MA0777.1	39805	0.712277878718806	0.0426413683151751
MA0105.4	39805	0.722302597670565	0.055926034378936
MA0780.1	39805	0.734166899956856	0.0784792718539919
MA0783.1	39805	0.723934849081695	0.0519135604236456
MA0787.1	39805	0.77178600154175	0.072645522356073
MA0788.1	39805	0.766456125419371	0.072867144377716
MA0789.1	39805	0.792853212794392	0.076012265357204
MA0792.1	39805	0.817083407657836	0.0712085121280018
MA0794.1	39805	0.759000267279212	0.0440654649739497
MA0795.1	39805	0.752679387324933	0.0502624729988371
MA0796.1	39805	0.697757221435544	0.054840552649286
MA0797.1	39805	0.731399761836564	0.0505538177213183
MA0511.2	39805	0.830506806614734	0.0481856834773151
MA0801.1	39805	0.857634802003063	0.0512356611509304
MA0803.1	39805	0.836034080742762	0.0549572926543539
MA0805.1	39805	0.83435954603528	0.0565540419111855
MA0806.1	39805	0.863338438049196	0.0491423797972828
MA0807.1	39805	0.872931659068289	0.0460763128270491
MA0808.1	39805	0.87205860829441	0.0543481732329603
MA0813.1	39805	0.81393012520899	0.0586409376315976
MA0815.1	39805	0.807118412819343	0.0615636241488482
MA0816.1	39805	0.834191998981139	0.0526899080661189
MA0822.1	39805	0.728557614474441	0.0558140245191127
MA0823.1	39805	0.803562496543858	0.0629220069026362
MA0826.1	39805	0.776172514482231	0.0553369303750068
MA0827.1	39805	0.820674544500189	0.0473165656876961
MA0838.1	39805	0.77678991004379	0.0512840374451063
MA0845.1	39805	0.800616341951368	0.069972292333077
MA0032.2	39805	0.829734291683256	0.0690133441341471
MA0848.1	39805	0.87249369560168	0.065049942673689
MA0849.1	39805	0.856485479516258	0.0679281007037787
MA0850.1	39805	0.910409617266668	0.0488833470597792
MA0855.1	39805	0.720862636193246	0.0459462985126924
MA0856.1	39805	0.73111364521617	0.0452993575858743
MA0857.1	39805	0.686569506192138	0.0480793931268605
MA0858.1	39805	0.701957760540298	0.043116223636943
MA0860.1	39805	0.696649307687066	0.044714557216588
MA0525.2	39805	0.697682451779756	0.0407022108044103
MA0106.3	39805	0.708374105203075	0.0387951876311289
MA0862.1	39805	0.813032907710093	0.0519974839253735
MA0863.1	39805	0.727962898735503	0.0402837692894519
MA0024.3	39805	0.768103835831273	0.0465723036824951
MA0866.1	39805	0.694271668263221	0.0573668638197375
MA0870.1	39805	0.694845731972129	0.0572473530699673
MA0872.1	39805	0.801829801300946	0.0629614558083448
MA1124.1	39805	0.712556837978179	0.0645579769894188
MA1155.1	39805	0.731362931567846	0.0455895048591771
MA1127.1	39805	0.754160969137997	0.0596036949077237
MA1129.1	39805	0.766022427759987	0.0590999506583291
MA1136.1	39805	0.780666194402396	0.0569572032356194
MA1420.1	39805	0.746628091382974	0.0412133562604931
MA1421.1	39805	0.769663823344151	0.0516383048309724
MA1468.1	39805	0.850372640342398	0.0407627676160867
MA1485.1	39805	0.766799070739983	0.0464831289083913
MA1489.1	39805	0.768565506845874	0.0817574859871909
MA1493.1	39805	0.801001855330194	0.0454590642973267
MA1509.1	39805	0.792447381283675	0.0483041828354131
MA1538.1	39805	0.736626062567391	0.0430639254451511
MA1539.1	39805	0.722205903389692	0.0439428841501926
MA1555.1	39805	0.764283266681501	0.0421930297023337
MA1556.1	39805	0.760394190712551	0.0443341054785165
MA1557.1	39805	0.780847562556982	0.0454062767505005
MA1570.1	39805	0.862060332112238	0.0470799501103247
MA1571.1	39805	0.749106674024727	0.0466511355598946
MA1572.1	39805	0.756274972136221	0.0460241934957337
MA1580.1	39805	0.779940593864737	0.0619538183245048
MA1587.1	39805	0.786109588776286	0.0580301607362422
MA1588.1	39805	0.729694652639077	0.0453075980742853
MA1594.1	39805	0.681200816303386	0.0330306060543712
MA1596.1	39805	0.777763097012767	0.0754516707899474
MA1597.1	39805	0.706038723527938	0.0417272734484401
MA0158.2	39805	0.865948471716749	0.0594660178889996
MA0912.2	39805	0.821645517551736	0.0660503519341642
MA0623.2	39805	0.794010224227898	0.0518889473361403
MA2093.1	39805	0.883720117706011	0.0560491654524377
MA2094.1	39805	0.783813308956938	0.0363600813441239
MA2095.1	39805	0.794029559854002	0.055700909297002
MA2096.1	39805	0.840246553181407	0.0531496816642941
MA1715.1	39805	0.730831866957952	0.0429605800663568
MA2097.1	39805	0.773414425039387	0.0489072397179098
MA2098.1	39805	0.832768081774896	0.0582418400818746
MA2099.1	39805	0.885567943360465	0.0602308981251713
MA1718.1	39805	0.659009143848191	0.0460198148812805
MA2100.1	39805	0.643186225708318	0.0417819185682039
MA2101.1	39805	0.770655145630575	0.0510702153755669
MA1684.1	39805	0.953223231812589	0.0627470264968133
MA2102.1	39805	0.781121011783154	0.0622637170964562
MA1931.1	39805	0.733084147095244	0.0449046841804275
MA1957.1	39805	0.745837802015473	0.0428972690076963
MA1962.1	39805	0.728924787764019	0.0571885250610002
MA1972.1	39805	0.82749162180149	0.0435245812170572
MA1980.1	39805	0.773175824116727	0.0396174042778793
MA1985.1	39805	0.750748807294312	0.0465913102176988
MA2117.1	39805	0.840997277369799	0.0714128221073309
MA2118.1	39805	0.821468483352405	0.0701096738305664
MA2119.1	39805	0.872906460475194	0.0670597850563675
MA2120.1	39805	0.823832631258198	0.0406071394080188
MA2121.1	39805	0.833791034885866	0.0701492619454129
MA2122.1	39805	0.788397421359387	0.0545803143706848
MA2123.1	39805	0.843241898982024	0.0506479956151323
MA2124.1	39805	0.828987295309037	0.103087882769672
MA2125.1	39805	0.860337522236025	0.0579576021390036
MA2126.1	39805	0.83695084432443	0.0675028719195718
MA0079.5	39805	0.897131429815657	0.0847169324292299
MA0509.3	39805	0.697906474858555	0.050227876182897
MA0516.3	39805	0.906562580412213	0.0761520272537445
MA0607.2	39805	0.771466797592819	0.0511575237759418
MA0685.2	39805	0.908576938427172	0.077391957259073
MA0740.2	39805	0.911722391729893	0.0729159421690443
MA0742.2	39805	0.893005118438562	0.0824090605124972
MA0798.3	39805	0.701401152597168	0.0488214859234316
MA0818.2	39805	0.788100109885729	0.0514801408837674
MA0821.2	39805	0.816560054201619	0.0562884525730817
MA0831.3	39805	0.761364776266629	0.0597333307538201
MA0878.3	39805	0.802998076242868	0.063489471980977
MA0884.2	39805	0.761176315347667	0.0649582738016277
MA1511.2	39805	0.901043640341887	0.0779326548620125
MA1532.2	39805	0.747596518126288	0.0400644271716326
MA1547.2	39805	0.843408877713106	0.0639573181115383
MA1563.2	39805	0.902278165247132	0.0540935950541916
MA1573.2	39805	0.734392094405677	0.0580576280938193
MA1601.2	39805	0.780579843122686	0.0436233832803547
MA1633.2	39805	0.793320273502932	0.0609565693120943
MA2323.1	39805	0.6852603328272	0.0518253033616377
MA2324.1	39805	0.864411638250388	0.0592300754312616
MA2325.1	39805	0.814150687251442	0.0534390160968509
MA2326.1	39805	0.921741434331537	0.0735722559343895
MA2327.1	39805	0.819296866731773	0.0727395974008931
MA2328.1	39805	0.836514849813363	0.0905218317073127
MA2329.1	39805	0.824832448677032	0.0597269937241096
MA2330.1	39805	0.808708387741291	0.0630881596876192
MA2331.1	39805	0.670702507285722	0.0373591097259675
MA2332.1	39805	0.827829085794196	0.0562173493035453
MA2333.1	39805	0.814558546460585	0.0842859703231373
MA2334.1	39805	0.738604076234274	0.0448812423762149
MA2335.1	39805	0.638829736208665	0.0495197073685316
MA2336.1	39805	0.862380676428253	0.061100424202654
MA2337.1	39805	0.919291552324912	0.0732755224565182
MA2338.1	39805	0.85865973105939	0.0605530300751905
MA2339.1	39805	0.837905080951155	0.0607359013609593
MA2340.1	39805	0.795330781730527	0.0550120350516797
MA2341.1	39805	0.894426109571503	0.0559533815081149
MA0619.2	39805	0.875024088979071	0.0857013486276553
MA0006.2	39805	0.931500510792155	0.0711410392095158
MA0854.2	39805	0.804812316822307	0.079333785779834
MA0634.2	39805	0.882018190767811	0.0765487104289758
MA0853.2	39805	0.764932705307803	0.0627271839923231
MA0690.3	39805	0.799016625710773	0.0470213943782544
MA0007.4	39805	0.730766803028101	0.044246803701156
MA1463.2	39805	0.795228077011682	0.0846876319984638
MA0601.2	39805	0.858058809230316	0.0935145876963944
MA0602.2	39805	0.819847647061199	0.083992563416239
MA0259.2	39805	0.920260740677191	0.0741933678516411
MA1464.2	39805	0.81697657023498	0.0657323576399143
MA0603.2	39805	0.823953103711482	0.0612797393556809
MA0874.2	39805	0.791959388540038	0.069275873004193
MA1100.3	39805	0.886152232918939	0.0516631274816841
MA1631.2	39805	0.854797899735187	0.0566458706509172
MA1632.2	39805	0.792877199990763	0.0649247754302977
MA1988.2	39805	0.843459353657818	0.0690314750285258
MA0605.3	39805	0.749567434622364	0.0657557125309425
MA0833.3	39805	0.782025949085637	0.0590697987978523
MA1466.2	39805	0.735407973446093	0.0450939030262953
MA0834.2	39805	0.738303059106753	0.063992394617451
MA0461.3	39805	0.844419376416022	0.0539115923668671
MA1467.3	39805	0.861755800894124	0.061239789963578
MA0591.2	39805	0.77617886106107	0.0464354787619579
MA0496.4	39805	0.784190735038508	0.0597793816390284
MA1101.3	39805	0.763158517562639	0.0551941553358512
MA1470.2	39805	0.702441201164799	0.0436486552862026
MA0877.4	39805	0.87071439722633	0.0630751205614686
MA0635.2	39805	0.910978783663771	0.0592829196959303
MA0875.2	39805	0.898622545184143	0.0735740702485877
MA1471.2	39805	0.840350002140829	0.0730107485910766
MA1634.2	39805	0.840550667521266	0.0711508991027454
MA0462.3	39805	0.840875446153443	0.0709809007554746
MA0489.3	39805	0.812286910179941	0.0667485769564941
MA0488.2	39805	0.811450319087625	0.0579966584370452
MA0835.3	39805	0.844254644156161	0.0694146821898845
MA1989.2	39805	0.80570094045222	0.0607570806748925
MA0463.3	39805	0.752884584417608	0.0449453288970425
MA1472.3	39805	0.833158824802104	0.0580529971689665
MA1635.2	39805	0.870411446559751	0.0800890339870088
MA0817.2	39805	0.774761807564759	0.0560912625840162
MA0464.3	39805	0.822102211019279	0.0640302129373308
MA1928.2	39805	0.834823692767482	0.0732106478720738
MA0876.2	39805	0.911240404882514	0.0709487620669192
MA0465.3	39805	0.813726796938653	0.0718108098020687
MA1473.2	39805	0.821362816453876	0.0699246918482831
MA0102.5	39805	0.784289921776807	0.0597713209877058
MA0466.4	39805	0.74426516791355	0.0513572153045944
MA0836.3	39805	0.819447460773445	0.0639595096245055
MA0837.3	39805	0.747650819089764	0.0514622144677365
MA1636.2	39805	0.784136285627001	0.0589020694627534
MA0819.3	39805	0.860976122804769	0.0568423888675164
MA0018.5	39805	0.813464018811291	0.0727583603447038
MA0638.2	39805	0.768223361108044	0.0466013122528165
MA0839.2	39805	0.740121060259745	0.0441789792499988
MA1474.2	39805	0.809701470914327	0.0476891132896803
MA1475.2	39805	0.810912822667892	0.0563604617561535
MA0840.2	39805	0.762128945761836	0.0644246731993493
MA0609.3	39805	0.749693336624037	0.0638103509782524
MA0467.3	39805	0.856459137951325	0.0793749512560897
MA0139.2	39805	0.804243340878561	0.0477117802738846
MA1929.2	39805	0.68877568869438	0.0390336008996524
MA1930.2	39805	0.681637577347245	0.0380619610347038
MA1102.3	39805	0.866289897986174	0.0667486268284825
MA0754.3	39805	0.771362967807132	0.0611005328634846
MA0650.4	39805	0.829885111313784	0.0687678539792674
MA0901.3	39805	0.806345403488569	0.0766704298543024
MA0755.2	39805	0.771416257142165	0.0674307069610855
MA0639.2	39805	0.789070344459351	0.0616302083102159
MA0019.2	39805	0.840123194281271	0.0453250562235525
MA0879.3	39805	0.899799759230997	0.0638694161371982
MA0885.3	39805	0.803407972027548	0.0626551032501408
MA0880.2	39805	0.883834996087937	0.0742455006593001
MA0881.2	39805	0.886514920718039	0.0718272252983035
MA1476.3	39805	0.804507928381362	0.0639608192344456
MA0882.2	39805	0.887284423295356	0.0732901435236837
MA0883.2	39805	0.822850989314627	0.0571626801210497
MA1603.2	39805	0.801993826311412	0.0684687892263014
MA0610.2	39805	0.849196290879808	0.0654012875368809
MA1707.2	39805	0.823344565529327	0.056500106190487
MA1478.2	39805	0.929756640293257	0.0498745587655761
MA1479.2	39805	0.790420563946769	0.0550318110859483
MA1480.2	39805	0.812890364010194	0.0564127330344698
MA1481.2	39805	0.88182203613131	0.0794704917538045
MA0611.3	39805	0.744488554523885	0.0691351098939533
MA0864.3	39805	0.771044216212908	0.0469789970618724
MA0469.4	39805	0.699073498417964	0.0441937901553228
MA0756.3	39805	0.799798651763035	0.0586803072719296
MA0470.3	39805	0.753310128311505	0.0459969912012696
MA0471.3	39805	0.877482627514237	0.0586738527629147
MA0865.3	39805	0.844243808287096	0.0555254487799622
MA0154.5	39805	0.794243312326208	0.0559492956885173
MA1604.2	39805	0.821534899721598	0.0597023430494567
MA1637.2	39805	0.82184751669373	0.0622024690772838
MA0162.5	39805	0.83535510827341	0.0686128621414946
MA0732.2	39805	0.791808325477813	0.068619143059634
MA0733.2	39805	0.812312203905002	0.0619615453116128
MA0598.4	39805	0.850506729817089	0.0551117604443754
MA0473.4	39805	0.835226364995715	0.0564100883977414
MA1483.3	39805	0.834273786323864	0.0507704618451999
MA0640.3	39805	0.850379045857952	0.054150059171266
MA0136.4	39805	0.86929135966616	0.0548834385210423
MA0028.3	39805	0.807710102351283	0.0594013076103612
MA0800.2	39805	0.823560293320571	0.0505536768084144
MA1708.2	39805	0.876836007905358	0.0488745365823412
MA1495.2	39805	0.890669080880305	0.0676486430990633
MA1932.2	39805	0.732492827160483	0.0400663121753196
MA0779.2	39805	0.750073471948707	0.0351186453628751
MA0014.4	39805	0.832474320055228	0.0550839435261797
MA0781.2	39805	0.725547207566595	0.0377444069250868
MA0686.2	39805	0.807524672926995	0.0480224249721068
MA1933.2	39805	0.743015955307426	0.043560499917644
MA0828.3	39805	0.745373422378802	0.0597092044532496
MA0843.2	39805	0.780495696924676	0.0613736970910057
MA0759.3	39805	0.812804117863801	0.0601790043058337
MA0076.3	39805	0.860075674453681	0.0564439945907264
MA0612.3	39805	0.858846622328499	0.0825996305918333
MA0886.2	39805	0.861132690841913	0.0827860943362273
MA0027.3	39805	0.892462036410986	0.0739156452468116
MA0642.3	39805	0.87618162402143	0.0659919482816166
MA0760.2	39805	0.83776151999105	0.0497299062272832
MA1934.2	39805	0.78902506809185	0.0461725232171745
MA0820.2	39805	0.930027096325803	0.0603931226525602
MA1935.2	39805	0.874876480603605	0.0421879547090145
MA1936.2	39805	0.844817621012498	0.0384950512578194
MA0480.3	39805	0.846977342250178	0.0680248218295395
MA1937.2	39805	0.80756742368909	0.042126600236017
MA0058.4	39805	0.854239015134062	0.0709242664680047
MA1938.2	39805	0.759047756751764	0.0399565313051
MA0048.3	39805	0.841048414910353	0.0573512681851608
MA1939.2	39805	0.736740859588981	0.0375392441859856
MA0474.4	39805	0.827660660570401	0.0522804522111873
MA0112.4	39805	0.721054833941101	0.0457463031062097
MA0592.4	39805	0.800451427552502	0.0574356794708245
MA0141.4	39805	0.779579462296225	0.056397506475434
MA0643.2	39805	0.830949349023025	0.0524105823523232
MA0644.3	39805	0.86046190185515	0.0733984146344836
MA0098.4	39805	0.852443892296943	0.0509951856622969
MA1484.2	39805	0.850197497998339	0.051802899763964
MA0761.3	39805	0.838833946741757	0.0545936327413719
MA0762.2	39805	0.82638693676145	0.0512352763421176
MA1940.2	39805	0.772408927139731	0.0467378220829964
MA1941.2	39805	0.77541481106321	0.0450074105088807
MA1942.2	39805	0.830082698651208	0.0475484686680643
MA1943.2	39805	0.779405246082001	0.0429101891299428
MA0763.2	39805	0.843048328584558	0.0471183966547346
MA0764.4	39805	0.838348579043773	0.0552296278944326
MA0765.4	39805	0.807649982713425	0.0586470671558292
MA1944.2	39805	0.785232080712356	0.0428939883337449
MA1945.2	39805	0.781804231906662	0.0449917494808605
MA1946.2	39805	0.818336820078635	0.0390982248892024
MA1947.2	39805	0.852339035632199	0.041976972858891
MA1948.2	39805	0.791326081306171	0.0399195025367519
MA0900.3	39805	0.854814630159581	0.0858455408241371
MA0645.2	39805	0.857518302377525	0.0538636198457408
MA0887.2	39805	0.897289447853893	0.071242023532489
MA0888.2	39805	0.89636813118032	0.0711396424107067
MA0156.4	39805	0.808377611307012	0.0567856752492643
MA0475.3	39805	0.835647449795268	0.0528729788294148
MA1949.2	39805	0.755297501516733	0.0403756334678557
MA1950.2	39805	0.812713963269941	0.0497155295455546
MA0476.2	39805	0.824432034394293	0.0691313042938066
MA1951.2	39805	0.723412263397681	0.054856279113546
MA0099.4	39805	0.820674464632846	0.0582402466067893
MA1126.2	39805	0.778082617060311	0.0580990061861801
MA1134.2	39805	0.806722991138435	0.06149225127237
MA1140.3	39805	0.73052917062346	0.0600867665640184
MA0490.3	39805	0.777555446373139	0.0654990532476106
MA1141.2	39805	0.811550503865917	0.0606274877268522
MA0492.2	39805	0.810500637808974	0.0560426410060576
MA0491.3	39805	0.778539479871834	0.0650806109719459
MA1135.2	39805	0.814020611189019	0.0614921979329015
MA0477.3	39805	0.790534434856934	0.0645812423709509
MA1128.2	39805	0.815977236938404	0.0593416559675986
MA1137.2	39805	0.817518593706079	0.0580059083633406
MA1142.2	39805	0.860677046418398	0.0539941655415274
MA1143.2	39805	0.82182397102973	0.0540533796950612
MA0478.2	39805	0.830684730254584	0.0577182622514221
MA1130.2	39805	0.820387422929721	0.0596064505261578
MA1131.2	39805	0.784402445628622	0.0606974782820937
MA1138.2	39805	0.809074292890713	0.0631693836092634
MA1139.2	39805	0.757576403974591	0.0643824182924122
MA1144.2	39805	0.811423799030841	0.0608434505251096
MA1145.2	39805	0.780132979616735	0.0620194907769409
MA0148.5	39805	0.81012623608827	0.0702042077424067
MA0047.4	39805	0.836691667977378	0.0718942708128315
MA1683.2	39805	0.83898963180518	0.0734833469673411
MA0846.2	39805	0.830609145223851	0.0678190823457881
MA0031.2	39805	0.84645700328153	0.0695784788196837
MA0847.4	39805	0.817256400744426	0.0676859585597429
MA0041.3	39805	0.793789205211093	0.0689707357795087
MA1487.3	39805	0.803113179181626	0.0668987982887699
MA1606.2	39805	0.852511873991597	0.0760402374455426
MA0030.2	39805	0.81690767086842	0.0662761525949245
MA0479.2	39805	0.83738963240019	0.0630073884441912
MA1952.2	39805	0.832347347256657	0.0473828433050797
MA0682.3	39805	0.870778841526202	0.0738467229533326
MA0851.2	39805	0.826005339833095	0.0712473897446592
MA0852.3	39805	0.851230930385746	0.0691035417033739
MA1103.3	39805	0.840331893007208	0.0741259600823676
MA1607.2	39805	0.792272126674284	0.0707847354457563
MA1953.2	39805	0.799882463449603	0.0447779735436021
MA1954.2	39805	0.795189294620773	0.0476779964299584
MA1955.2	39805	0.789454141903898	0.0468041354304411
MA1956.2	39805	0.781836879079156	0.0465174597675756
MA0157.4	39805	0.847357083387871	0.0705483740859328
MA0481.4	39805	0.843086216166988	0.0732669708250803
MA0593.2	39805	0.846057133074725	0.0681423978241197
MA0040.2	39805	0.81650724308096	0.0669672651851822
MA0062.4	39805	0.816582374364729	0.0532472791792862
MA0035.5	39805	0.845880448412794	0.0643609917151671
MA0140.3	39805	0.770864451642744	0.0514642947226694
MA0036.4	39805	0.841694017926463	0.0695354529485079
MA0037.5	39805	0.819531288226011	0.0639139213165901
MA0482.3	39805	0.827092424702711	0.0596398929991857
MA0766.3	39805	0.864202453458248	0.0598384879111372
MA1104.3	39805	0.819965675415582	0.0650220902487776
MA0889.2	39805	0.852297141022908	0.0775657779855243
MA0890.2	39805	0.868822403734938	0.0826703128745382
MA0646.2	39805	0.810166704167539	0.0428397868107099
MA0143.5	39805	0.855607777822032	0.0630911917053902
MA0767.2	39805	0.851882406966024	0.0456305664851422
MA0038.3	39805	0.802448578174463	0.051777023541687
MA0483.2	39805	0.844960753806037	0.0512824617814854
MA1990.2	39805	0.800274282553496	0.0497264494708687
MA0734.4	39805	0.824249124028434	0.0524092791411217
MA1491.3	39805	0.72796673172201	0.0436803358897909
MA0735.2	39805	0.704361273027225	0.0450758177043803
MA0615.2	39805	0.887486762485658	0.0564419565241422
MA0647.2	39805	0.763173600442998	0.0548667491181546
MA1105.3	39805	0.817904239371105	0.0568869678062754
MA0648.2	39805	0.878812328854304	0.0758795640331546
MA0891.2	39805	0.892870001851594	0.0658282536796459
MA0892.2	39805	0.910533719314813	0.0615957937141515
MA0893.3	39805	0.907169339934827	0.0567488508086663
MA0092.2	39805	0.887492550620219	0.0398979043144347
MA0522.4	39805	0.885899829825685	0.058220378051043
MA1638.2	39805	0.886823313112024	0.0680140759289806
MA1099.3	39805	0.865283218684225	0.0679144666892548
MA0616.3	39805	0.821695390915036	0.0659467364067702
MA0894.2	39805	0.868041540677826	0.0862384263044709
MA0649.2	39805	0.828799456550244	0.0565213617549405
MA0739.2	39805	0.878078991973166	0.0444783843085378
MA0738.2	39805	0.955104183050128	0.0427972510176161
MA1106.2	39805	0.859415864338369	0.0648100091276837
MA0131.3	39805	0.854954335100169	0.0609019487534999
MA0043.4	39805	0.791722524021079	0.0675361093107885
MA0895.2	39805	0.867567914941509	0.0611505175868766
MA0896.2	39805	0.802912149589593	0.0621534095621732
MA0897.2	39805	0.750977099749106	0.0580600637991934
MA0898.2	39805	0.805101127984372	0.0634641055726617
MA1991.2	39805	0.804666728136618	0.0521169224948549
MA0046.3	39805	0.74113050202383	0.0714172218886981
MA1494.2	39805	0.730944366386418	0.0441138076022601
MA0114.5	39805	0.798571929280611	0.0562489950376553
MA0484.3	39805	0.802546565869153	0.0551252541865941
MA0899.2	39805	0.842651555622982	0.0703609883756856
MA0911.2	39805	0.827397110003157	0.0548387213719051
MA1496.2	39805	0.904155374659845	0.0514461145446689
MA1497.2	39805	0.883720185400146	0.0579408633685482
MA1498.3	39805	0.917027093148985	0.0638201683702437
MA0594.3	39805	0.883495015325291	0.0487556428258288
MA0902.3	39805	0.901572106507647	0.0755369315855495
MA1566.3	39805	0.821368223491853	0.050252492309711
MA0903.2	39805	0.90764886104729	0.0701183347485459
MA1499.2	39805	0.878771712534535	0.0801843344756734
MA0904.3	39805	0.87675343342682	0.0749585557617499
MA1500.2	39805	0.899420211163634	0.0543259288667362
MA1501.2	39805	0.868281061867536	0.0591171006121357
MA1502.2	39805	0.881214069382109	0.0683427344980794
MA1503.2	39805	0.798975407120679	0.0599409647989984
MA0905.2	39805	0.836077108908697	0.0612956232928419
MA0651.3	39805	0.74119426182978	0.0545312909910179
MA0906.2	39805	0.779308930063739	0.0557684748568473
MA0907.2	39805	0.788195722093764	0.0608577676544097
MA1504.2	39805	0.898044191445518	0.0729182042788893
MA1505.2	39805	0.904657144614958	0.0626711080792252
MA0485.3	39805	0.785833174025391	0.0613732027348403
MA1506.2	39805	0.778296776839324	0.055246642857378
MA0908.2	39805	0.820713389522911	0.0612387672413506
MA0873.2	39805	0.788906267659283	0.0540480299996968
MA1958.2	39805	0.729197911204268	0.045332727166406
MA0909.4	39805	0.833627601570911	0.0817206758529123
MA1507.2	39805	0.892362972856918	0.0768080486332496
MA0910.3	39805	0.881408476138926	0.0681335780137202
MA0913.3	39805	0.824359474071878	0.0702637188217753
MA1508.2	39805	0.856780925099585	0.0567348554853371
MA1992.2	39805	0.847151019300251	0.0534167272003502
MA0050.4	39805	0.786230011585868	0.0642317316777096
MA0051.2	39805	0.764658849280796	0.0481048699737268
MA1418.2	39805	0.719997002598693	0.0497872814707326
MA1419.2	39805	0.70118352795126	0.0474292968128592
MA0772.2	39805	0.764671194524652	0.056628573344282
MA0652.2	39805	0.716950467254007	0.048420008218481
MA1608.2	39805	0.838184688883261	0.0639328984687455
MA0914.2	39805	0.913984586418369	0.0567811500482107
MA0654.2	39805	0.864387606777828	0.0852406744837701
MA0656.2	39805	0.753797002377433	0.0646423122525727
MA1132.2	39805	0.849274463794119	0.0544405808110655
MA1133.2	39805	0.771565069070231	0.0559100559117946
MA0493.3	39805	0.927038739965115	0.0757468317892821
MA1512.2	39805	0.872920912096562	0.0619992751837024
MA0657.2	39805	0.744136254334892	0.0452038954307473
MA1513.2	39805	0.887579585068789	0.0997970074876375
MA1514.2	39805	0.787822609334164	0.0514258264203912
MA1515.2	39805	0.917578131261546	0.0674425289365687
MA1516.2	39805	0.848317941455319	0.0670390261889111
MA0039.5	39805	0.898304559885439	0.0717088580335816
MA1517.2	39805	0.88971940108959	0.0591454744985223
MA1959.2	39805	0.916736574466925	0.0788138134058082
MA1107.3	39805	0.817956934842304	0.0608417749496389
MA0618.2	39805	0.864597848058256	0.0640426804334918
MA0699.2	39805	0.887057531663549	0.0700436821903233
MA0768.3	39805	0.821767217604702	0.0598419855754582
MA1518.3	39805	0.761163279646303	0.0609401151738382
MA0700.3	39805	0.85210292825316	0.0828698289931021
MA0135.2	39805	0.788173994319325	0.0764433009015355
MA0704.2	39805	0.883206126112875	0.069358270352721
MA1519.2	39805	0.844046560171797	0.0785985887407857
MA0658.2	39805	0.824279065335628	0.067257840449728
MA0705.2	39805	0.890588605293771	0.0724741494522196
MA0701.3	39805	0.843621158905178	0.0732960079112389
MA0702.3	39805	0.811895805791966	0.0895318970677243
MA0703.3	39805	0.774208623173336	0.0940639538847808
MA1520.2	39805	0.758003456175969	0.042023133462266
MA0501.2	39805	0.776130799225293	0.0493810279591964
MA0841.2	39805	0.757731770653208	0.0603566267365313
MA1521.2	39805	0.76272420297931	0.0426487075302451
MA0117.3	39805	0.817693020098275	0.0491963948138848
MA0495.4	39805	0.77129611657914	0.0546189043192276
MA0659.4	39805	0.752729748109064	0.0509128361414048
MA0089.3	39805	0.761846095763661	0.0512022821378422
MA0059.2	39805	0.799405957491148	0.051883933334467
MA0147.4	39805	0.827036714412524	0.062734396749915
MA1522.2	39805	0.89514643095412	0.0780756339464705
MA0029.2	39805	0.770044582470466	0.0582447390406381
MA0052.5	39805	0.791907490743639	0.0794286160546115
MA0497.2	39805	0.821311989716532	0.0678338486156552
MA0498.3	39805	0.950018758906477	0.055650502756209
MA1639.2	39805	0.797787742116374	0.0650917457599781
MA1640.2	39805	0.790918735496573	0.0717679324918448
MA0775.2	39805	0.899880604711888	0.0543700827924638
MA0661.2	39805	0.861373015810996	0.0666745831701925
MA0706.2	39805	0.867485652292359	0.0628606568407479
MA1960.2	39805	0.787980976187961	0.051156376921416
MA0620.4	39805	0.775902546583698	0.0587659699013047
MA0621.2	39805	0.793776338319617	0.102405246269391
MA0662.2	39805	0.88805907280783	0.0725679178015788
MA0622.2	39805	0.819582966963949	0.0897212616838073
MA0664.2	39805	0.834349845212019	0.0610871354505082
MA0825.2	39805	0.861089058296517	0.0651652535542127
MA0707.3	39805	0.90460668533156	0.0730213295585445
MA1523.2	39805	0.892092255291214	0.0528089941358676
MA1524.3	39805	0.804431019703477	0.0505467093597538
MA0666.3	39805	0.874280074831574	0.0773672655025238
MA0708.3	39805	0.880232592053417	0.0731309783827712
MA0709.2	39805	0.863648487373331	0.0834326285425138
MA1108.3	39805	0.877504841784123	0.0670764771955244
MA0100.4	39805	0.875118732995445	0.062434941189318
MA0104.5	39805	0.809788815667329	0.0613814985598048
MA1641.2	39805	0.828119628242379	0.0608277066964119
MA0499.3	39805	0.839597871063169	0.052987648339179
MA0500.3	39805	0.849820376093567	0.0675626041015346
MA0056.3	39805	0.844046441097201	0.0530005998205766
MA1109.2	39805	0.853329345754462	0.0550471052631917
MA1993.2	39805	0.873302806813602	0.0783753914799906
MA0668.3	39805	0.851099378440523	0.0546167274247121
MA1642.2	39805	0.866110903271555	0.0594086195871778
MA0606.3	39805	0.848868074671276	0.0617992448252348
MA0624.3	39805	0.902174523939028	0.0724979376256872
MA0152.3	39805	0.840495185810401	0.0651322324923653
MA0625.3	39805	0.950409043093999	0.0435162846336963
MA1525.3	39805	0.869190614185359	0.0570018018945912
MA0150.3	39805	0.774394599056056	0.0503837360944879
MA0670.2	39805	0.861051794163212	0.0733759937329682
MA1643.2	39805	0.717766396398083	0.0481859469766227
MA0161.3	39805	0.856946217509385	0.0613736176531195
MA1527.2	39805	0.747449973644973	0.0518653258750496
MA0025.3	39805	0.793790243730185	0.0715491902264641
MA0671.2	39805	0.945085221404766	0.0383614538066902
MA1528.2	39805	0.766092199944684	0.0515786886767832
MA0778.2	39805	0.770368576954522	0.0603380816062794
MA0060.4	39805	0.841865374534759	0.0647317917789959
MA0502.3	39805	0.829986678853893	0.0601790637337114
MA1644.2	39805	0.855153495163886	0.0676538851739476
MA1529.2	39805	0.745790426591142	0.0503325309099032
MA1994.2	39805	0.840215961176999	0.068323362271395
MA1645.2	39805	0.838081272211443	0.0506942544636611
MA0672.2	39805	0.877365688863946	0.0491990371485994
MA2003.2	39805	0.89471200342602	0.041907509974498
MA0063.3	39805	0.854341072707046	0.0595399011249529
MA0673.2	39805	0.9044238742047	0.0402435424707395
MA0124.3	39805	0.869562621777732	0.0551385848032412
MA0122.4	39805	0.797280682892914	0.0599392028640605
MA0674.2	39805	0.873386207250812	0.0692266475605349
MA0675.2	39805	0.904775949261951	0.072293512406189
MA1530.2	39805	0.869783823202986	0.0611987488397188
MA0125.2	39805	0.887374159603402	0.0725442973113619
MA0710.2	39805	0.877885176694234	0.07028340122228
MA0626.2	39805	0.846498120323687	0.0582548293141648
MA1995.2	39805	0.829970993916633	0.0563936886376008
MA1531.2	39805	0.774977251157271	0.0409328781980206
MA1996.2	39805	0.885650963795901	0.0686972706852573
MA0494.2	39805	0.80742401688125	0.0374644702595397
MA1110.3	39805	0.894454341937719	0.0650313457654672
MA1146.2	39805	0.767299534789309	0.0385458497962411
MA1533.2	39805	0.793948282700869	0.0352957220072949
MA1534.2	39805	0.861770816436262	0.0541801056989374
MA1535.2	39805	0.934105590078868	0.0598300198634489
MA0504.2	39805	0.825852270108507	0.0386742657294956
MA1536.2	39805	0.959280548427868	0.036266862105984
MA0164.2	39805	0.83864511349136	0.0758888724613359
MA0017.3	39805	0.82321479084684	0.0539815297964994
MA1537.2	39805	0.757680906714901	0.0429960083353746
MA1111.2	39805	0.858835313148348	0.0623952835473657
MA0677.2	39805	0.747324968114629	0.0445838907202307
MA0113.4	39805	0.72977421325949	0.0486373615909561
MA0727.2	39805	0.730848208441218	0.0487396964907679
MA1112.3	39805	0.837445289728398	0.0589867506141064
MA0160.3	39805	0.862001128210012	0.0512751036921933
MA1147.2	39805	0.782876534208082	0.0385605960810244
MA1540.3	39805	0.755720447015116	0.0514479183349703
MA0505.3	39805	0.808283783591053	0.0551887130106613
MA1541.2	39805	0.764176686429147	0.0434565878655947
MA0506.3	39805	0.782814221697656	0.0772926018809602
MA0842.3	39805	0.792249007002365	0.049594350304936
MA1997.2	39805	0.877096614051249	0.0763010674076526
MA0679.3	39805	0.772105526630007	0.0787279746225765
MA0757.2	39805	0.737602011976937	0.0753721025681385
MA1542.2	39805	0.8467362981496	0.0472124846278248
MA1646.2	39805	0.851610979294467	0.0541265378539622
MA0711.2	39805	0.888658407813346	0.0672946958726919
MA0712.3	39805	0.861583533751251	0.0719624341993925
MA1544.2	39805	0.764623555947261	0.0530815014215048
MA1545.2	39805	0.816828940028798	0.053890581005778
MA1961.2	39805	0.890729211009731	0.080218920760142
MA0067.3	39805	0.772399073927683	0.0354888827595824
MA1546.2	39805	0.756212636399921	0.0385762576159856
MA0680.3	39805	0.739057138441192	0.0829196200127951
MA0070.2	39805	0.809709733114234	0.0553890390926241
MA1113.3	39805	0.785256152231232	0.0738177258094894
MA1114.2	39805	0.774161400753778	0.0518705687340779
MA0132.3	39805	0.88222952564924	0.0841373170336491
MA0681.3	39805	0.725769336587485	0.0879595663974571
MA0714.2	39805	0.889814318904511	0.0661748850345931
MA0782.3	39805	0.78817406699376	0.0559800465529652
MA1615.2	39805	0.853776870129558	0.062673974196191
MA1548.2	39805	0.860740565432616	0.0728051577702307
MA0784.3	39805	0.719235303167321	0.0682363022881918
MA0785.2	39805	0.810564046624342	0.0706739357475619
MA0507.3	39805	0.732059365175455	0.0710074506412391
MA0627.3	39805	0.79154322063461	0.0740033604167976
MA0786.2	39805	0.802308136190589	0.07508055754792
MA0790.2	39805	0.753829313664955	0.0813151092026534
MA0683.2	39805	0.696029773530642	0.0682811716237852
MA0791.2	39805	0.748155527571886	0.0819435323560641
MA1115.2	39805	0.852224444739319	0.07475279221719
MA0628.2	39805	0.821843767827127	0.0933492255010132
MA1549.2	39805	0.857606468470356	0.0631581590741779
MA0793.2	39805	0.806912754505924	0.066745975269928
MA1148.2	39805	0.763153042465035	0.0365340809792686
MA1550.2	39805	0.759282975275621	0.0422200114894992
MA0066.2	39805	0.746506022788935	0.0343621858487796
MA0065.3	39805	0.830992931517114	0.0393200134684105
MA0508.4	39805	0.877943176244111	0.0629188660985365
MA1998.2	39805	0.824167553337794	0.0526920725119189
MA1616.2	39805	0.78831117674398	0.047613870397182
MA1647.3	39805	0.796525920468497	0.0504674986358591
MA1999.2	39805	0.787073092825334	0.0463483540642163
MA1723.2	39805	0.823839768090736	0.0472236629120942
MA0716.2	39805	0.88171556791208	0.0814017380569724
MA0075.4	39805	0.825614523821953	0.0842516038047143
MA1618.2	39805	0.826782031538018	0.0557499562674793
MA1619.2	39805	0.838979273803158	0.0610144811802965
MA1620.2	39805	0.85095254610608	0.0585196773667699
MA1149.2	39805	0.79459927139243	0.0381972267941102
MA1552.2	39805	0.764002842748368	0.0409469009236095
MA0859.2	39805	0.711224088764265	0.048646111415961
MA1553.2	39805	0.750645359353188	0.0422893025452565
MA0718.2	39805	0.88554210159223	0.0804577698659396
MA0717.2	39805	0.886874841167402	0.0761382098372764
MA1116.2	39805	0.909555115096988	0.0709985702761595
MA1117.2	39805	0.86349577647096	0.0577259882895788
MA0138.3	39805	0.69519808595497	0.0408480874841335
MA0600.3	39805	0.724388125377224	0.0527127860883247
MA0799.3	39805	0.720853205893381	0.050518146828974
MA0510.3	39805	0.714912679975776	0.0521631325671327
MA1724.2	39805	0.809526904952805	0.0520491412210334
MA1554.2	39805	0.89218854309743	0.0385992783445794
MA0629.2	39805	0.847008246766542	0.0492229581799363
MA0719.2	39805	0.960158014516351	0.0355747128666564
MA0072.2	39805	0.781812352290907	0.0549486211385455
MA1150.2	39805	0.834874694865206	0.047803967366618
MA1151.2	39805	0.84874224066888	0.0441494018252748
MA0073.2	39805	0.797427909820152	0.0480910837617088
MA0002.3	39805	0.866937621643071	0.045554586412445
MA0684.3	39805	0.844427986677505	0.0574272864349444
MA1963.2	39805	0.809635203831176	0.0832446387124586
MA0743.3	39805	0.794821663714647	0.0506387297731953
MA0744.3	39805	0.793821222258585	0.0501246147105639
MA0630.2	39805	0.886639752540832	0.0822072298066862
MA0720.2	39805	0.877175674515603	0.0832184584089534
MA1118.2	39805	0.814604132833107	0.0554776440951082
MA1119.2	39805	0.771002851539516	0.0533607391954976
MA0631.2	39805	0.763142801767911	0.0499997060467296
MA2001.2	39805	0.852380180414886	0.0620804688864456
MA1964.2	39805	0.901078005691917	0.0635479041815567
MA1153.2	39805	0.871539519237977	0.0622336555141831
MA1558.2	39805	0.897563672909439	0.0579468767755853
MA0745.3	39805	0.848759130352865	0.0591989714772788
MA1559.2	39805	0.848394018884522	0.054140227929145
MA1560.2	39805	0.814583512412881	0.0609344286009823
MA0442.3	39805	0.885998338020157	0.0728732357890091
MA0869.3	39805	0.846696466823632	0.0561713939036052
MA1561.2	39805	0.770826361016209	0.050330832707671
MA1120.2	39805	0.850675673081851	0.0660866222670582
MA1562.2	39805	0.792021970327211	0.0550597771896182
MA1152.2	39805	0.911779978144285	0.061675997351758
MA0078.3	39805	0.791085772280997	0.0571506033546083
MA0514.3	39805	0.853822161631424	0.0633822563662495
MA0867.3	39805	0.880281103984549	0.0606683075456597
MA0087.3	39805	0.835413705573676	0.0561923691050969
MA0868.3	39805	0.875951065784295	0.0679169413387441
MA0077.2	39805	0.853652653199289	0.0546106887635466
MA0746.3	39805	0.857714352220558	0.0681115015128713
MA1965.2	39805	0.948417186492148	0.0760691007485068
MA0747.2	39805	0.879330834357844	0.0531784896079433
MA1564.2	39805	0.882166366205781	0.0686236024094727
MA0080.7	39805	0.780846422455527	0.0502073207553848
MA0081.3	39805	0.792646314071494	0.0480744738603043
MA0687.2	39805	0.811052221798271	0.0446743971094816
MA0829.3	39805	0.785153305766663	0.0575209402777715
MA0084.2	39805	0.905777930199502	0.0627015064413659
MA0137.4	39805	0.84880888281609	0.0568709171615938
MA0517.2	39805	0.803168036531391	0.054867114102658
MA1623.2	39805	0.808994356533851	0.071999124780913
MA0144.3	39805	0.87093626803052	0.0514539612392496
MA0518.2	39805	0.855461532347448	0.0530008567714962
MA1624.2	39805	0.81747984777309	0.0595045128215777
MA0519.2	39805	0.866656250494202	0.0518735453391635
MA1625.2	39805	0.813136973013419	0.0620581801200102
MA0520.2	39805	0.83615825575498	0.058718183778082
MA0091.2	39805	0.824759601775243	0.0500697758990543
MA0108.3	39805	0.876248156695777	0.0832702393973932
MA0802.2	39805	0.820323197256876	0.0505961122257271
MA1565.2	39805	0.83727035158392	0.0495379325282661
MA0804.2	39805	0.703175407203183	0.0427441433851779
MA0688.2	39805	0.845374159646845	0.0474158029542468
MA1567.3	39805	0.828107541417578	0.0494293694521413
MA0521.3	39805	0.879339881788045	0.0747899449043381
MA1648.2	39805	0.887153685373559	0.0586637373934442
MA0832.2	39805	0.758059051304728	0.0542364027522974
MA1568.2	39805	0.824704663297431	0.0410308061213583
MA0830.3	39805	0.868654556603966	0.0577094220312251
MA0769.3	39805	0.857911187044207	0.0668878379138175
MA0523.2	39805	0.846721024884559	0.0554878746154281
MA0632.3	39805	0.858882126985724	0.0693368148578676
MA0090.4	39805	0.807371677075405	0.0574190818852409
MA1121.2	39805	0.856024444172254	0.0596572157561988
MA0809.3	39805	0.833633523059562	0.0578885978898015
MA0810.2	39805	0.888407660467598	0.0549661560898628
MA0003.5	39805	0.843828646456112	0.0632268324191589
MA0811.2	39805	0.871546671360691	0.0536298575335989
MA0812.2	39805	0.866877428455324	0.0626953313521671
MA0524.3	39805	0.868571695351166	0.0535062343807423
MA0814.3	39805	0.847959001040346	0.0620099609479055
MA1569.2	39805	0.891195987637997	0.069996753677634
MA1966.2	39805	0.798209543879625	0.0458214853578106
MA1967.2	39805	0.731224638410372	0.0462320709343493
MA1968.2	39805	0.812337068948572	0.0484057910224393
MA1122.2	39805	0.861474051288627	0.0662802964735691
MA0692.2	39805	0.849011325410692	0.0559209454116969
MA0871.3	39805	0.808303953219681	0.0630183054678456
MA0597.3	39805	0.872468415074588	0.0560872875999156
MA1969.2	39805	0.739752500834832	0.0408577898453718
MA1574.2	39805	0.80520214936475	0.0380706931799903
MA1575.2	39805	0.747641929602015	0.0424934810639556
MA1576.2	39805	0.742038006717056	0.0377246497779007
MA1577.2	39805	0.863519259442263	0.0998697196731836
MA0861.2	39805	0.741998285524753	0.0426051376394983
MA1970.2	39805	0.812844787655053	0.0667048492394508
MA1123.3	39805	0.84022060466969	0.0557122372126331
MA0633.3	39805	0.87374702669871	0.0780910266606353
MA0721.2	39805	0.882291471499568	0.0783331826250362
MA0093.4	39805	0.782996018075217	0.0564061552788179
MA0526.5	39805	0.761741360339399	0.0605551066424951
MA0722.2	39805	0.871200648774571	0.0676996472622837
MA0723.3	39805	0.917804310101166	0.0589570026225864
MA0693.4	39805	0.856985192834691	0.0625792487744767
MA1578.2	39805	0.914644591447609	0.0724346419587292
MA0725.2	39805	0.842077762792323	0.0788460715607743
MA0726.2	39805	0.832329953280728	0.0797477108212618
MA1627.2	39805	0.848875632748543	0.062439437328269
MA0844.2	39805	0.778335253274361	0.0478813454319085
MA0095.4	39805	0.834486218516454	0.0642282293710052
MA0748.3	39805	0.854540627429197	0.0590293475165756
MA0749.2	39805	0.707135953483884	0.0446334114366026
MA1971.2	39805	0.843833288148879	0.0540935338499223
MA1649.2	39805	0.868727354919224	0.0578999146473277
MA1650.2	39805	0.84245240351781	0.0716879909972444
MA0698.2	39805	0.796899456891121	0.0511981379431178
MA1579.2	39805	0.860385399175616	0.0584311770060419
MA0527.2	39805	0.785437766545783	0.0605996212197143
MA1581.2	39805	0.843119412953706	0.0555658016210025
MA0750.3	39805	0.843045841383424	0.0591012746583331
MA0694.2	39805	0.820231813482357	0.0529155447079203
MA0695.2	39805	0.875956445276598	0.0501860956367312
MA0103.4	39805	0.909396841905362	0.0676931800204185
MA2002.2	39805	0.90102986621398	0.0507993562109495
MA1651.2	39805	0.749757434422075	0.0509565861447157
MA1583.2	39805	0.848429577333142	0.0614531824403127
MA0146.3	39805	0.87837474642522	0.0650512863158084
MA1628.2	39805	0.891115110093516	0.0593577274309455
MA1629.2	39805	0.837983509941047	0.0558587903771281
MA0697.3	39805	0.881376529295488	0.0645545874273972
MA0751.2	39805	0.806684554238533	0.0470242568008892
MA1584.2	39805	0.77327279363075	0.0501381473300979
MA1709.2	39805	0.79200159265255	0.059342172449362
MA1585.2	39805	0.79821469929854	0.053663798729146
MA1973.2	39805	0.744336451361316	0.0463725651713942
MA1652.2	39805	0.850887823360967	0.0565248294387876
MA1589.2	39805	0.700955787714966	0.0385867176733453
MA1653.2	39805	0.861576544490152	0.0812601701567107
MA1654.2	39805	0.711027179014169	0.0358935348149617
MA1725.2	39805	0.823632779356261	0.0527329534647036
MA1974.2	39805	0.751906443267227	0.0635068085904733
MA1975.2	39805	0.781080407355	0.0423028221531694
MA1710.2	39805	0.889494757503467	0.0499889948948928
MA0528.3	39805	0.900964885055632	0.0684462402343626
MA1592.2	39805	0.790323626889001	0.0424526326493329
MA1630.3	39805	0.868233288097977	0.0785071542258816
MA1154.2	39805	0.751949911219531	0.0406925511990679
MA1593.2	39805	0.835215262765617	0.0576216633431462
MA1976.2	39805	0.761858654583849	0.0477077388137661
MA1977.2	39805	0.785259983158742	0.0392377127774336
MA1726.2	39805	0.815161096409462	0.0547218121758631
MA1655.2	39805	0.843408003050522	0.0538087660974899
MA1711.2	39805	0.746248486491375	0.0458067377727133
MA1978.2	39805	0.738937628151946	0.0605482475214778
MA1125.2	39805	0.84009379235887	0.113034967061378
MA0752.2	39805	0.685500989341801	0.0475463768995611
MA1979.2	39805	0.820733212575441	0.0501112120611666
MA1727.2	39805	0.84918655339381	0.0698018280921671
MA1656.2	39805	0.815439012194593	0.0512307413552112
MA1712.2	39805	0.797410327329094	0.0570681197385521
MA1981.2	39805	0.813909096695215	0.0533996673789682
MA1728.2	39805	0.86074815319216	0.0579687000438004
MA1982.2	39805	0.793015194238763	0.0467735240566318
MA1983.2	39805	0.675009485941041	0.0395074929806622
MA1713.2	39805	0.816914608754427	0.0766465893479479
MA1657.2	39805	0.790582296286954	0.0639281968632909
MA1984.2	39805	0.804202373284183	0.0430545863334415
MA1714.2	39805	0.747447356915261	0.0364732897033239
MA1729.2	39805	0.787846888917976	0.0501628111063774
MA1599.2	39805	0.795025013764645	0.0597764721847097
MA1600.2	39805	0.747139041117312	0.0409790706299664
MA1986.2	39805	0.869494091915679	0.0694186497133123
MA1987.2	39805	0.796183713573426	0.0407740096023675
MA1730.2	39805	0.82927320908001	0.0511777818335547
MA0753.3	39805	0.827548439396297	0.0667047255212041
MA1716.2	39805	0.753283358518553	0.042565171131846
MA1731.2	39805	0.867139194852774	0.0515134124631493
MA1717.2	39805	0.82425042669361	0.0517954441537361
MA1719.2	39805	0.755213049029388	0.04851139064343
MA1720.2	39805	0.771651458361526	0.0507025994758783
MA1721.2	39805	0.784422989299758	0.0708807123386251
MA1602.2	39805	0.785926043527251	0.0450008283286173
MA1722.2	39805	0.709348618864214	0.0361904440360071
