[SHORT TFBS MATRIX]
MA0004.1	39799	0.86076706858545	0.0675130768604926
MA0069.1	39799	0.768110022033532	0.0392579801072957
MA0071.1	39799	0.823681220685593	0.0542904142962989
MA0074.1	39799	0.755927567161404	0.0392553243630405
MA0101.1	39799	0.869746634561172	0.0446807578512263
MA0107.1	39799	0.826251598382606	0.053337596457018
MA0111.1	39799	0.866525050888042	0.0312497545162853
MA0115.1	39799	0.674339465809511	0.0446401730426825
MA0116.1	39799	0.826211856359028	0.0432939849542717
MA0119.1	39799	0.738840144430863	0.0499783807025969
MA0130.1	39799	0.962436597183764	0.0375657665761636
MA0142.1	39799	0.749454741746707	0.0568323771595815
MA0149.1	39799	0.68880466288519	0.0550310964013738
MA0151.1	39799	0.891025400464167	0.0880283326963444
MA0155.1	39799	0.856941704000073	0.0418053326444552
MA0159.1	39799	0.797419718409062	0.0338056817256417
MA0163.1	39799	0.800276488442675	0.0510030574251328
MA0145.2	39799	0.836239008421157	0.0400109264898164
MA0468.1	39799	0.800053287023501	0.0627929222360855
MA0515.1	39799	0.863477464948366	0.0524504980995013
MA0258.2	39799	0.800359371599327	0.0407070801948959
MA0595.1	39799	0.852383034218836	0.0462908081891644
MA0596.1	39799	0.834414788469118	0.0481684895404004
MA0599.1	39799	0.927047924194638	0.061261229653986
MA0604.1	39799	0.8389560239927	0.0560014146472795
MA0608.1	39799	0.830960023820724	0.0539915980130247
MA0613.1	39799	0.826312469139322	0.0781834994206185
MA0614.1	39799	0.853398729831482	0.0705959990393181
MA0636.1	39799	0.775386679529298	0.057114247379525
MA0641.1	39799	0.779703683952253	0.0526031477996832
MA0042.2	39799	0.849641361908634	0.069691524920877
MA0033.2	39799	0.882560060875155	0.0681521203463226
MA0153.2	39799	0.722828797454805	0.0707599758860862
MA0486.2	39799	0.738641905836161	0.0542880361381244
MA0653.1	39799	0.689433747657865	0.0499326038088356
MA0655.1	39799	0.77047624766785	0.0640191730182246
MA0660.1	39799	0.747532831793655	0.0740245195928341
MA0663.1	39799	0.773069456686232	0.055886249992546
MA0665.1	39799	0.808480615039266	0.0473012737850769
MA0667.1	39799	0.790584623478819	0.0523996414379637
MA0669.1	39799	0.792964655084685	0.0497616139010848
MA0676.1	39799	0.834806234035	0.0573210041748373
MA0678.1	39799	0.793431800753211	0.0518818091168588
MA0068.2	39799	0.815797262840232	0.0694585111894568
MA0512.2	39799	0.723080217297813	0.0458695652187174
MA0083.3	39799	0.683753363054789	0.0492256081286129
MA0009.2	39799	0.700377217838157	0.0427402523453349
MA0689.1	39799	0.800500623105127	0.0471338210462513
MA0691.1	39799	0.796072181763113	0.0567805328604954
MA0696.1	39799	0.774056677962178	0.0485855542114133
MA0713.1	39799	0.771826437670084	0.0753243821370613
MA0715.1	39799	0.742240709816607	0.0845920033329208
MA0724.1	39799	0.821695157228505	0.0641557697315379
MA0728.1	39799	0.713196802820365	0.047597604505739
MA0729.1	39799	0.694640440568129	0.0426275577915151
MA0730.1	39799	0.710850371636609	0.0409400704716121
MA0731.1	39799	0.667674885596138	0.0451439781161491
MA0472.2	39799	0.807548417814641	0.0548364801878397
MA0736.1	39799	0.787908757443511	0.0458264518262385
MA0737.1	39799	0.742625014975242	0.0409658426567143
MA0741.1	39799	0.87014225461522	0.0666485006341865
MA0088.2	39799	0.746593875703824	0.0425350857189501
MA0758.1	39799	0.691287158016639	0.0489678608403271
MA0770.1	39799	0.751974271753605	0.0532115752002857
MA0771.1	39799	0.781918617769444	0.0477167391390101
MA0773.1	39799	0.757290313437366	0.0773687365424309
MA0774.1	39799	0.861466944143937	0.0561608990939585
MA0776.1	39799	0.742793759008199	0.0455722222573999
MA0777.1	39799	0.71183018342187	0.0427112640359677
MA0105.4	39799	0.721825334486798	0.0549032996398937
MA0780.1	39799	0.72955018102434	0.0785432273152439
MA0783.1	39799	0.723242973735619	0.0518259548418352
MA0787.1	39799	0.767576226315506	0.0729299662983308
MA0788.1	39799	0.76197082024547	0.0731428594874053
MA0789.1	39799	0.788710078431516	0.0762561481015541
MA0792.1	39799	0.813076378909386	0.0715071593881432
MA0794.1	39799	0.758834507676622	0.044107409865027
MA0795.1	39799	0.7526334085924	0.0501588566330225
MA0796.1	39799	0.697244924461342	0.0548794860225558
MA0797.1	39799	0.731126686817543	0.0505028578836237
MA0511.2	39799	0.830853276885344	0.0481626418740913
MA0801.1	39799	0.856798635871173	0.0507282384202675
MA0803.1	39799	0.834916308453954	0.0545436408234719
MA0805.1	39799	0.833127462687475	0.0562847860638592
MA0806.1	39799	0.862482470948199	0.0487361887255529
MA0807.1	39799	0.872038958620734	0.045812851066181
MA0808.1	39799	0.870334917344194	0.0545748480384192
MA0813.1	39799	0.815684297515246	0.0576215228009385
MA0815.1	39799	0.809032062368141	0.0604448252831715
MA0816.1	39799	0.837584440303259	0.0526172091003149
MA0822.1	39799	0.730217675246119	0.0549177366952139
MA0823.1	39799	0.805267779606663	0.0621834270741061
MA0826.1	39799	0.774224772068402	0.0551461034487308
MA0827.1	39799	0.819283659162606	0.0469203360115449
MA0838.1	39799	0.775372520553013	0.0512383483381591
MA0845.1	39799	0.796470333688722	0.0701092101301036
MA0032.2	39799	0.825658407356251	0.0692283683377016
MA0848.1	39799	0.869864425643954	0.06577287928192
MA0849.1	39799	0.853977647096342	0.0686778120137913
MA0850.1	39799	0.908526158992667	0.0493780740431854
MA0855.1	39799	0.719904823072116	0.0460275948978905
MA0856.1	39799	0.730044144843413	0.0454300800630518
MA0857.1	39799	0.684104059189035	0.0477360731172097
MA0858.1	39799	0.70098739293898	0.0433872346951134
MA0860.1	39799	0.695358290298229	0.0443296121364886
MA0525.2	39799	0.696719009236053	0.0408209662312305
MA0106.3	39799	0.708006645644981	0.0387578462066808
MA0862.1	39799	0.812862521024628	0.0522038054687925
MA0863.1	39799	0.728965803306976	0.0401584619027348
MA0024.3	39799	0.769496347024443	0.0465190784518192
MA0866.1	39799	0.691778351358264	0.0576163950840246
MA0870.1	39799	0.692521128918952	0.0572967298972693
MA0872.1	39799	0.803817769567407	0.0618150556066492
MA1124.1	39799	0.709843519861915	0.0640586262316105
MA1155.1	39799	0.731059836785944	0.0455291289740421
MA1127.1	39799	0.753718506153644	0.0603533660391476
MA1129.1	39799	0.765366981881988	0.0597201271512349
MA1136.1	39799	0.780338706453924	0.0575518208097442
MA1420.1	39799	0.746392004502757	0.0415678913543717
MA1421.1	39799	0.767627417269757	0.0519061183055964
MA1468.1	39799	0.850045804243	0.040471470245999
MA1485.1	39799	0.770159807119096	0.0465433272534128
MA1489.1	39799	0.765807557978844	0.0825155022290354
MA1493.1	39799	0.801173951588093	0.0450896466806062
MA1509.1	39799	0.792128657596809	0.0484475111279841
MA1538.1	39799	0.736653188696187	0.0425740589424193
MA1539.1	39799	0.721987740536604	0.0434431500933409
MA1555.1	39799	0.763680306241282	0.0419883714600356
MA1556.1	39799	0.760138864211192	0.0439832409350144
MA1557.1	39799	0.781496863602808	0.0451283592150962
MA1570.1	39799	0.8611300803512	0.0473341524194342
MA1571.1	39799	0.74930679500841	0.046412271206266
MA1572.1	39799	0.756419543672986	0.0458820506785882
MA1580.1	39799	0.777680238029976	0.0619705942684324
MA1587.1	39799	0.785021738639743	0.0556377455017402
MA1588.1	39799	0.727811567200471	0.0454060612110209
MA1594.1	39799	0.68055769711174	0.033237383615232
MA1596.1	39799	0.777428514814905	0.0720755932455724
MA1597.1	39799	0.70637995015795	0.0416468919067308
MA0158.2	39799	0.86406378559564	0.0597995310880535
MA0912.2	39799	0.818712053279812	0.0664315867094783
MA0623.2	39799	0.79238829155338	0.0516384456074957
MA2093.1	39799	0.881756119135683	0.0562344373130862
MA2094.1	39799	0.785018087596559	0.0360534019523318
MA2095.1	39799	0.79256177712891	0.0561716520348733
MA2096.1	39799	0.84022115494307	0.0525109954854827
MA1715.1	39799	0.731508893311695	0.0427173349328368
MA2097.1	39799	0.772611468547059	0.0489750410870187
MA2098.1	39799	0.83051062889727	0.0588203081412297
MA2099.1	39799	0.887280314211744	0.0589780521323257
MA1718.1	39799	0.65670212585971	0.0461066188252234
MA2100.1	39799	0.642758540153783	0.0417787646365412
MA2101.1	39799	0.769401824049339	0.0514314167971467
MA1684.1	39799	0.956435397762642	0.0607692020953995
MA2102.1	39799	0.778246935509165	0.0624815139914778
MA1931.1	39799	0.734705732154239	0.0455877239864436
MA1957.1	39799	0.747453275964566	0.0435473420516371
MA1962.1	39799	0.725569591186202	0.0573124766298663
MA1972.1	39799	0.828259779494356	0.043092829686246
MA1980.1	39799	0.772899836963029	0.0399456815473013
MA1985.1	39799	0.752818705886681	0.0461445093648591
MA2117.1	39799	0.838437273341795	0.0720347078502305
MA2118.1	39799	0.818748835270559	0.0707759622685144
MA2119.1	39799	0.870220349378382	0.0672833635212091
MA2120.1	39799	0.823119403128451	0.040808319275922
MA2121.1	39799	0.835007141494327	0.0677393538076005
MA2122.1	39799	0.788698835548394	0.0538100461546902
MA2123.1	39799	0.843647373674207	0.0502255029144066
MA2124.1	39799	0.821749227716327	0.103434269066776
MA2125.1	39799	0.860186814982275	0.0570068089273317
MA2126.1	39799	0.839575970385945	0.0671404219402127
MA0079.5	39799	0.897930758674843	0.0839983618500645
MA0509.3	39799	0.699036073486161	0.0514525301196319
MA0516.3	39799	0.907099279285592	0.0754572719363715
MA0607.2	39799	0.770565488794723	0.0509336609628777
MA0685.2	39799	0.909259528948701	0.0765801378174987
MA0740.2	39799	0.91209168563731	0.0722918109339207
MA0742.2	39799	0.893623444875256	0.0815572667870311
MA0798.3	39799	0.702873726699557	0.0500436010039652
MA0818.2	39799	0.786855026947502	0.0512416436004854
MA0821.2	39799	0.818058505645529	0.0556049744553885
MA0831.3	39799	0.761303438212473	0.0600574856529466
MA0878.3	39799	0.799645823066688	0.063787148494504
MA0884.2	39799	0.757756720914663	0.0650499491041635
MA1511.2	39799	0.901505549652487	0.0772432485950286
MA1532.2	39799	0.746701023359295	0.0400177345116463
MA1547.2	39799	0.839823567860818	0.063804110606645
MA1563.2	39799	0.900420776116522	0.0543449896528567
MA1573.2	39799	0.734087767864104	0.0585511703054938
MA1601.2	39799	0.780050603070564	0.0435624732027481
MA1633.2	39799	0.792133959110507	0.0615862948905307
MA2323.1	39799	0.683421520959142	0.052013655754066
MA2324.1	39799	0.864068232953525	0.0589062852322385
MA2325.1	39799	0.816106669786181	0.0533651867870999
MA2326.1	39799	0.92307510783697	0.0735767315405784
MA2327.1	39799	0.817699219033074	0.0730525956549317
MA2328.1	39799	0.83925246775849	0.0897718033443879
MA2329.1	39799	0.828396780239021	0.0607238681698486
MA2330.1	39799	0.809935961484005	0.0620807906298455
MA2331.1	39799	0.669501972001937	0.037480638662781
MA2332.1	39799	0.828859313557478	0.0567304911498723
MA2333.1	39799	0.810156655689513	0.0846866750235435
MA2334.1	39799	0.738757028396038	0.0448992661662203
MA2335.1	39799	0.635454697687285	0.0496537227710695
MA2336.1	39799	0.861124244147044	0.0611784793466656
MA2337.1	39799	0.918182897241027	0.0730974291315708
MA2338.1	39799	0.85678731294252	0.0605139375277005
MA2339.1	39799	0.837059814422326	0.0610254714688967
MA2340.1	39799	0.798706898384975	0.0559879396325772
MA2341.1	39799	0.895056315689423	0.0548202685813036
MA0619.2	39799	0.870483283138784	0.0863479179534412
MA0006.2	39799	0.932573803536255	0.0709950603209316
MA0854.2	39799	0.800317682397994	0.0795651037630726
MA0634.2	39799	0.878090376141957	0.0768686916067198
MA0853.2	39799	0.761573981315051	0.0628739750729961
MA0690.3	39799	0.797915078783422	0.0470644848018424
MA0007.4	39799	0.730643118542618	0.0441160821630704
MA1463.2	39799	0.790279531637851	0.084923912026318
MA0601.2	39799	0.852024438631926	0.0943982854212245
MA0602.2	39799	0.81484726610539	0.0840179035917915
MA0259.2	39799	0.921252915326512	0.0737110353041846
MA1464.2	39799	0.817691163776049	0.0656147790153579
MA0603.2	39799	0.824351572524747	0.0614369470427588
MA0874.2	39799	0.788138082180377	0.0693831362322892
MA1100.3	39799	0.889138412418827	0.0513025957307964
MA1631.2	39799	0.856650669783902	0.05550589458558
MA1632.2	39799	0.791138641786726	0.0653712973441108
MA1988.2	39799	0.842315877734344	0.0697562332741477
MA0605.3	39799	0.74946933824376	0.0665170744744371
MA0833.3	39799	0.780188392349075	0.0592416078357108
MA1466.2	39799	0.736728710990167	0.0452473863684129
MA0834.2	39799	0.7378666810193	0.0646929832278341
MA0461.3	39799	0.843131217306842	0.0535205200848054
MA1467.3	39799	0.862118410487461	0.06066654293853
MA0591.2	39799	0.777141787517594	0.0462965467963473
MA0496.4	39799	0.7847953375502	0.0591545326036352
MA1101.3	39799	0.762365652084097	0.0553636346301024
MA1470.2	39799	0.701031086374392	0.0439456338436839
MA0877.4	39799	0.868144116637373	0.0632439194234267
MA0635.2	39799	0.908185385655378	0.0598292212722698
MA0875.2	39799	0.894812603536549	0.074289261535437
MA1471.2	39799	0.836171084203822	0.0733806727220892
MA1634.2	39799	0.839241632393726	0.0719531639036779
MA0462.3	39799	0.839542439936491	0.071787226772373
MA0489.3	39799	0.810926174632083	0.067397511073207
MA0488.2	39799	0.810127458016044	0.0584312937743236
MA0835.3	39799	0.842896812409063	0.070208280184065
MA1989.2	39799	0.804186447329306	0.0610144109412975
MA0463.3	39799	0.752006480933123	0.0449515860587399
MA1472.3	39799	0.835602926903903	0.0576956613844521
MA1635.2	39799	0.87460206796761	0.0799730133020455
MA0817.2	39799	0.772727555182057	0.0558899508486222
MA0464.3	39799	0.822876239367371	0.0638978562613242
MA1928.2	39799	0.833717840722349	0.0739064399849917
MA0876.2	39799	0.907685814414323	0.0717979727428624
MA0465.3	39799	0.809849438894316	0.0721842857694093
MA1473.2	39799	0.817592853079066	0.070361787526604
MA0102.5	39799	0.781276443597913	0.0599037105666073
MA0466.4	39799	0.742973258583439	0.0512690950857525
MA0836.3	39799	0.816944228384657	0.0643412279320171
MA0837.3	39799	0.746150141861865	0.051337844658968
MA1636.2	39799	0.781734589462424	0.0591054345479994
MA0819.3	39799	0.860810436102918	0.0568091689996706
MA0018.5	39799	0.812216413754769	0.0732138433157375
MA0638.2	39799	0.769109508785597	0.0468673862313115
MA0839.2	39799	0.741444631425742	0.0444014281032017
MA1474.2	39799	0.811058636474312	0.0476623156052527
MA1475.2	39799	0.811887438918788	0.0567849731676107
MA0840.2	39799	0.761401086951137	0.0652455352384625
MA0609.3	39799	0.750139352942965	0.0643624135782038
MA0467.3	39799	0.851964732163178	0.0790810062639137
MA0139.2	39799	0.806010487061388	0.0469651303310254
MA1929.2	39799	0.69083123618524	0.0384714232350976
MA1930.2	39799	0.683463355697018	0.0375955483576632
MA1102.3	39799	0.867347694290114	0.0657798476469476
MA0754.3	39799	0.768314325649326	0.0608966919318885
MA0650.4	39799	0.825799063390389	0.0695613094549168
MA0901.3	39799	0.801488737917162	0.0776016762933321
MA0755.2	39799	0.768174365319559	0.0672791323192567
MA0639.2	39799	0.786765158030275	0.0616495473392947
MA0019.2	39799	0.838794377661789	0.0450161102274892
MA0879.3	39799	0.896890075376885	0.0642608896975657
MA0885.3	39799	0.801061883972148	0.0629518990739342
MA0880.2	39799	0.880238499144553	0.0746241737456489
MA0881.2	39799	0.883132134723402	0.0721457538952591
MA1476.3	39799	0.802050680437044	0.0642294347075269
MA0882.2	39799	0.883757506824576	0.0736587649045204
MA0883.2	39799	0.819479523882934	0.0570768375155873
MA1603.2	39799	0.798357118470824	0.0688874820694198
MA0610.2	39799	0.84728271792141	0.065317995773218
MA1707.2	39799	0.82143260243861	0.0565161757866043
MA1478.2	39799	0.928758147105751	0.0498869171882966
MA1479.2	39799	0.788111548336892	0.0551017355848608
MA1480.2	39799	0.81060269324942	0.0564871087827396
MA1481.2	39799	0.877693872718919	0.0799182318366961
MA0611.3	39799	0.741311921353842	0.0694383432222637
MA0864.3	39799	0.77216304229187	0.0466695612508866
MA0469.4	39799	0.698338837869002	0.0444069510980958
MA0756.3	39799	0.797732097334203	0.0586834006521851
MA0470.3	39799	0.754364280346072	0.0458938639587782
MA0471.3	39799	0.878914323131137	0.0582510990796279
MA0865.3	39799	0.846266203045311	0.0551762885637751
MA0154.5	39799	0.794658910908827	0.0550120771370825
MA1604.2	39799	0.821784317556167	0.0588916011247964
MA1637.2	39799	0.82223961792987	0.0612260138913674
MA0162.5	39799	0.83677045922603	0.0680323733458514
MA0732.2	39799	0.793650008340089	0.0682611047537869
MA0733.2	39799	0.813589765237448	0.0615282452589924
MA0598.4	39799	0.852075226927145	0.0555603639222762
MA0473.4	39799	0.837113052171787	0.0568409583975861
MA1483.3	39799	0.836444423321213	0.0517326603868064
MA0640.3	39799	0.851675136411394	0.0545288931310469
MA0136.4	39799	0.869325946349941	0.0551195719891492
MA0028.3	39799	0.81083059562748	0.0605329507520635
MA0800.2	39799	0.82241723030624	0.0504361884132642
MA1708.2	39799	0.878737560380347	0.0494285843229803
MA1495.2	39799	0.887959553929899	0.0679133239650441
MA1932.2	39799	0.733242945344932	0.0406633549304275
MA0779.2	39799	0.750881768869142	0.0348619926877021
MA0014.4	39799	0.833528297018614	0.0545914781323315
MA0781.2	39799	0.726348431720008	0.0374073002202624
MA0686.2	39799	0.80952217402138	0.0484650126523532
MA1933.2	39799	0.745170842161318	0.0443297850007472
MA0828.3	39799	0.744351730077088	0.0598191166719834
MA0843.2	39799	0.777892888536182	0.061233585579637
MA0759.3	39799	0.816169723582268	0.0611802261814647
MA0076.3	39799	0.863386595076808	0.0572016771554759
MA0612.3	39799	0.854960696642418	0.0829309009147805
MA0886.2	39799	0.856838284267774	0.0833937654514253
MA0027.3	39799	0.889145362909223	0.0744189741289924
MA0642.3	39799	0.873268174944498	0.0663327344124448
MA0760.2	39799	0.839839545623454	0.0505322088046337
MA1934.2	39799	0.791394117862593	0.0460535907832082
MA0820.2	39799	0.930721729534276	0.059795973368124
MA1935.2	39799	0.8756302260784	0.0424588014873498
MA1936.2	39799	0.844963962572825	0.0388182217452071
MA0480.3	39799	0.844898671486303	0.0686127131943042
MA1937.2	39799	0.806996968126828	0.0421971961809411
MA0058.4	39799	0.854940882596252	0.0707166544797869
MA1938.2	39799	0.762215505144661	0.0401355477572655
MA0048.3	39799	0.845114366086243	0.0573092113448203
MA1939.2	39799	0.737015280998536	0.037631638402215
MA0474.4	39799	0.829138011313851	0.0527252975385209
MA0112.4	39799	0.72107504913965	0.0454668299336918
MA0592.4	39799	0.79899153926547	0.0572525448202761
MA0141.4	39799	0.778061321323246	0.0563012248747262
MA0643.2	39799	0.829850564711071	0.0522279729513046
MA0644.3	39799	0.856764569752765	0.0736782272466592
MA0098.4	39799	0.854594293814158	0.0516878215976277
MA1484.2	39799	0.852968729101406	0.0524012004089415
MA0761.3	39799	0.839966333407439	0.0550342214955795
MA0762.2	39799	0.827904940182724	0.0519203979733993
MA1940.2	39799	0.771839809806994	0.0467440353977243
MA1941.2	39799	0.777786146477484	0.0450323183694316
MA1942.2	39799	0.830951106969164	0.0481066107601377
MA1943.2	39799	0.778911230525097	0.042868171765918
MA0763.2	39799	0.844826087715903	0.0482020645894618
MA0764.4	39799	0.841388163937604	0.0559996797464268
MA0765.4	39799	0.810758360669082	0.059694135377821
MA1944.2	39799	0.785227348814177	0.0428078181028726
MA1945.2	39799	0.78371814869172	0.0448717269613269
MA1946.2	39799	0.818918225269878	0.0393239174091757
MA1947.2	39799	0.852168333269906	0.0420667243315559
MA1948.2	39799	0.791707148356313	0.0398914130984954
MA0900.3	39799	0.850770624716719	0.0861847095327058
MA0645.2	39799	0.860301631823769	0.0545643006427512
MA0887.2	39799	0.893559469291162	0.071854451389761
MA0888.2	39799	0.892651227433852	0.0717499937423562
MA0156.4	39799	0.811042400420921	0.0579232339602834
MA0475.3	39799	0.837823105597312	0.0537147792058032
MA1949.2	39799	0.755849321045477	0.040563996748465
MA1950.2	39799	0.812653645275849	0.0501435508097762
MA0476.2	39799	0.822854719110168	0.0699576202560425
MA1951.2	39799	0.723917798613938	0.055335201952705
MA0099.4	39799	0.819511462244118	0.0589324964256654
MA1126.2	39799	0.777532491547314	0.0587002769590904
MA1134.2	39799	0.805377911538177	0.0621244804925272
MA1140.3	39799	0.730707872786571	0.0605945401066573
MA0490.3	39799	0.775956433001555	0.0662419587375831
MA1141.2	39799	0.810445935621649	0.0612665248489513
MA0492.2	39799	0.809385371499236	0.056533347556316
MA0491.3	39799	0.777007435503737	0.0658044544991798
MA1135.2	39799	0.812628174327432	0.0621358662788299
MA0477.3	39799	0.789208270828751	0.0652570941318741
MA1128.2	39799	0.81494300637418	0.0599854371856381
MA1137.2	39799	0.816179030414837	0.0586160414729809
MA1142.2	39799	0.859505087155667	0.0546982185841824
MA1143.2	39799	0.82157575628677	0.0548634026111736
MA0478.2	39799	0.829882597242403	0.0577578098830684
MA1130.2	39799	0.819223124117908	0.0603325775691822
MA1131.2	39799	0.783682080098622	0.0615046806910956
MA1138.2	39799	0.807547478053909	0.0638470251828832
MA1139.2	39799	0.756739358373078	0.0651857048120682
MA1144.2	39799	0.810159115526688	0.061496043219848
MA1145.2	39799	0.779461902288012	0.0628102004400318
MA0148.5	39799	0.807174119972745	0.0707839012901829
MA0047.4	39799	0.833593494665114	0.0725967712080957
MA1683.2	39799	0.836150907326469	0.0741144052489053
MA0846.2	39799	0.826771006794147	0.0680959227117474
MA0031.2	39799	0.843904178963863	0.0702778391589403
MA0847.4	39799	0.813341751950985	0.0679708504117558
MA0041.3	39799	0.789113288994728	0.0691432153870451
MA1487.3	39799	0.799014118697057	0.0670401256665485
MA1606.2	39799	0.849224954244362	0.0768055016864107
MA0030.2	39799	0.813979110508505	0.0670071485933492
MA0479.2	39799	0.834756993324884	0.0634799736927467
MA1952.2	39799	0.832534109529047	0.0481965418681362
MA0682.3	39799	0.866532770104809	0.0732049303110483
MA0851.2	39799	0.822141011916878	0.0718980943025818
MA0852.3	39799	0.848704633124889	0.0698164938094197
MA1103.3	39799	0.837381255346715	0.0748491306854155
MA1607.2	39799	0.788721219993488	0.071276386288636
MA1953.2	39799	0.799605872692891	0.045267858136506
MA1954.2	39799	0.795623922940831	0.048131004841249
MA1955.2	39799	0.789600553748448	0.0472544140993645
MA1956.2	39799	0.781372224838554	0.0472100197003952
MA0157.4	39799	0.84478920349011	0.0712685698373496
MA0481.4	39799	0.840059824256017	0.0739882575191445
MA0593.2	39799	0.843118503988305	0.0687613650258486
MA0040.2	39799	0.812771444884781	0.0676620976789448
MA0062.4	39799	0.818190994843286	0.0537138809759135
MA0035.5	39799	0.842878841987387	0.0647853180949744
MA0140.3	39799	0.76943669884457	0.0515649284135512
MA0036.4	39799	0.838754123268886	0.0696660063102172
MA0037.5	39799	0.81702770612731	0.0639455045442243
MA0482.3	39799	0.824952846147206	0.0597780111628448
MA0766.3	39799	0.862045970088262	0.0598346780466387
MA1104.3	39799	0.817186722445731	0.0650512126440319
MA0889.2	39799	0.84870442014626	0.0779842393269298
MA0890.2	39799	0.864969599102374	0.0830026240221723
MA0646.2	39799	0.811041089430651	0.0425973741597592
MA0143.5	39799	0.854344060475659	0.063619836424087
MA0767.2	39799	0.852347678760473	0.0455182910233936
MA0038.3	39799	0.801258341403821	0.0520308782239032
MA0483.2	39799	0.843731292508066	0.0516628741280715
MA1990.2	39799	0.800041215561085	0.049576936007982
MA0734.4	39799	0.824285597681893	0.0518327615711945
MA1491.3	39799	0.728438683795438	0.0434108118508955
MA0735.2	39799	0.704995299837515	0.0444856204332828
MA0615.2	39799	0.889314725430298	0.055897578900261
MA0647.2	39799	0.761556053997309	0.0550152276758321
MA1105.3	39799	0.816756257709189	0.0570584686478434
MA0648.2	39799	0.874089481382538	0.0757791971360197
MA0891.2	39799	0.888746096507949	0.0657846041448774
MA0892.2	39799	0.907255247658926	0.062112957159108
MA0893.3	39799	0.905053006455053	0.0569285599440741
MA0092.2	39799	0.887045978389016	0.0398789656931925
MA0522.4	39799	0.887583479976107	0.0569670702512209
MA1638.2	39799	0.887548212244852	0.0674763230350026
MA1099.3	39799	0.867662450727997	0.0677410881234612
MA0616.3	39799	0.823749119816759	0.0654310880288406
MA0894.2	39799	0.863891561139883	0.0865347453001917
MA0649.2	39799	0.83011768138372	0.0558962452212065
MA0739.2	39799	0.877918085587988	0.0444108577697795
MA0738.2	39799	0.954929556723958	0.0425598304182237
MA1106.2	39799	0.860624475838113	0.0646359244430061
MA0131.3	39799	0.858033819428331	0.0608308841011702
MA0043.4	39799	0.788614515983479	0.0675768376022832
MA0895.2	39799	0.864890521506247	0.0612888546807229
MA0896.2	39799	0.7996465382354	0.0624542698780733
MA0897.2	39799	0.747585026291365	0.0582358848741861
MA0898.2	39799	0.801600120099363	0.0638327244359149
MA1991.2	39799	0.802971441043638	0.0524450080254211
MA0046.3	39799	0.736688146597075	0.071546710956924
MA1494.2	39799	0.730236709661967	0.0442471015391094
MA0114.5	39799	0.796864684666775	0.0565336375061574
MA0484.3	39799	0.800909071007129	0.0553688577156388
MA0899.2	39799	0.838304787428541	0.071240403379756
MA0911.2	39799	0.824475101685788	0.0551959551719573
MA1496.2	39799	0.902480742627209	0.0513420041398427
MA1497.2	39799	0.881344125069284	0.0582766985766186
MA1498.3	39799	0.913870128075021	0.0643549896784765
MA0594.3	39799	0.882274159821487	0.0489791415425013
MA0902.3	39799	0.898483524350105	0.0759521080038367
MA1566.3	39799	0.820327542883946	0.0500247602136705
MA0903.2	39799	0.903872997944299	0.0707486905157574
MA1499.2	39799	0.875178381358824	0.080300530952221
MA0904.3	39799	0.873555998637504	0.0750997336161958
MA1500.2	39799	0.897535186880925	0.0545048101607962
MA1501.2	39799	0.865984418456713	0.0593294696397954
MA1502.2	39799	0.878898494286026	0.0685664288314841
MA1503.2	39799	0.796036991096437	0.060196684594901
MA0905.2	39799	0.83269180636852	0.0617239189006262
MA0651.3	39799	0.738752513150785	0.0545753236263664
MA0906.2	39799	0.776718128597086	0.0558953654399585
MA0907.2	39799	0.78476742050457	0.0612892357934969
MA1504.2	39799	0.894980131776806	0.0731928072085506
MA1505.2	39799	0.90203962443152	0.0629436329201611
MA0485.3	39799	0.782789447175608	0.0616315709458137
MA1506.2	39799	0.775785872349207	0.0553569079755306
MA0908.2	39799	0.817221805057042	0.0617183567622187
MA0873.2	39799	0.786522186277018	0.0541957186165488
MA1958.2	39799	0.728458597374754	0.0456678643593771
MA0909.4	39799	0.829361401877516	0.0819432910658716
MA1507.2	39799	0.889171280572117	0.0769127968683541
MA0910.3	39799	0.879209158445841	0.0683488451024032
MA0913.3	39799	0.820303133503975	0.0709468912847726
MA1508.2	39799	0.85654216854548	0.0571352699021237
MA1992.2	39799	0.848960732175156	0.0535991113087775
MA0050.4	39799	0.783836870365215	0.0648150916185362
MA0051.2	39799	0.763626711379514	0.0485086908854381
MA1418.2	39799	0.718787172415875	0.0501849401978941
MA1419.2	39799	0.700998541766008	0.0478647283741387
MA0772.2	39799	0.762890656496558	0.0569919440596831
MA0652.2	39799	0.716924034741303	0.0489136186662307
MA1608.2	39799	0.835839689414225	0.0641886856752518
MA0914.2	39799	0.911557506018746	0.05710103905907
MA0654.2	39799	0.860500696923723	0.0855578589479458
MA0656.2	39799	0.753434701044198	0.0654269028323814
MA1132.2	39799	0.848841232837152	0.0550396949364803
MA1133.2	39799	0.77128417816896	0.0566138665479478
MA0493.3	39799	0.927432992876996	0.0748108666694099
MA1512.2	39799	0.873327176040644	0.0613847327417961
MA0657.2	39799	0.744465486750829	0.0451335842096879
MA1513.2	39799	0.888925233897852	0.0987513571365534
MA1514.2	39799	0.788292653832	0.050709021338702
MA1515.2	39799	0.917877717817927	0.0664402725137898
MA1516.2	39799	0.849168608490732	0.0662359642690835
MA0039.5	39799	0.898555882693617	0.0707027162121446
MA1517.2	39799	0.889938263745679	0.0583248272374465
MA1959.2	39799	0.917436193084988	0.0777961634172526
MA1107.3	39799	0.818656311343314	0.0600075867869366
MA0618.2	39799	0.861401435535011	0.0643267270188644
MA0699.2	39799	0.883893343536389	0.0703961187690723
MA0768.3	39799	0.819579993167859	0.0602660459504788
MA1518.3	39799	0.75837738403962	0.0611459414402978
MA0700.3	39799	0.848363890106601	0.0833561888740154
MA0135.2	39799	0.783178238534997	0.0767087775894486
MA0704.2	39799	0.879666787070052	0.0699119669750048
MA1519.2	39799	0.840516104790788	0.0788642694561087
MA0658.2	39799	0.821310790015627	0.0674051561157951
MA0705.2	39799	0.888068530969162	0.0726192933191957
MA0701.3	39799	0.840093990220466	0.0736755134824251
MA0702.3	39799	0.806943884847982	0.0897949421819254
MA0703.3	39799	0.768742835589396	0.0943208775419131
MA1520.2	39799	0.759778602784655	0.0420065352382032
MA0501.2	39799	0.776229446197963	0.049734080103901
MA0841.2	39799	0.756585844477534	0.0607636786068596
MA1521.2	39799	0.765268673872534	0.0424268172589882
MA0117.3	39799	0.816922866194891	0.0490449435836454
MA0495.4	39799	0.769661958351847	0.0545020485259009
MA0659.4	39799	0.754200624750223	0.0505503284926986
MA0089.3	39799	0.761850207995686	0.0516051516273204
MA0059.2	39799	0.800021798903401	0.0515565175247306
MA0147.4	39799	0.82828904570961	0.0620875761372275
MA1522.2	39799	0.895558847872304	0.0768574424690804
MA0029.2	39799	0.767393152480087	0.0586655034048819
MA0052.5	39799	0.786229657930642	0.0793545959720733
MA0497.2	39799	0.816758205833464	0.067686344762547
MA0498.3	39799	0.949678938535522	0.0554712636486487
MA1639.2	39799	0.794949370495789	0.0655629216611627
MA1640.2	39799	0.78703182429352	0.0721111816461143
MA0775.2	39799	0.899287293464762	0.0542679165902931
MA0661.2	39799	0.858559309521283	0.0669607074282851
MA0706.2	39799	0.864906634395266	0.063188262674582
MA1960.2	39799	0.786025384718841	0.0513389086849607
MA0620.4	39799	0.775367512804941	0.0593359517639489
MA0621.2	39799	0.787835641784692	0.102736376506397
MA0662.2	39799	0.884544994899964	0.0728462112431476
MA0622.2	39799	0.820585944370462	0.0892840014697368
MA0664.2	39799	0.834510448082419	0.0610920268837071
MA0825.2	39799	0.861554157551246	0.0650187872096712
MA0707.3	39799	0.901705843548474	0.0733529386550876
MA1523.2	39799	0.892124450937624	0.0532565670605078
MA1524.3	39799	0.803604879799443	0.0506359978507396
MA0666.3	39799	0.870669887341136	0.0777276513535969
MA0708.3	39799	0.876974708511691	0.073494956884767
MA0709.2	39799	0.859689284640785	0.0837901659979092
MA1108.3	39799	0.876669138639867	0.0673766322947353
MA0100.4	39799	0.876473002541721	0.0627819017560033
MA0104.5	39799	0.810855545360761	0.0607659429361294
MA1641.2	39799	0.830792751707298	0.0605078776657175
MA0499.3	39799	0.840601199408258	0.052361833869351
MA0500.3	39799	0.854872225145236	0.0671660114745245
MA0056.3	39799	0.842804699961522	0.0529837372825291
MA1109.2	39799	0.853865559942002	0.0545802286690279
MA1993.2	39799	0.877856122573761	0.0780411884779947
MA0668.3	39799	0.851481410237872	0.0542195618201077
MA1642.2	39799	0.86652237955811	0.0588068686276274
MA0606.3	39799	0.846269202295753	0.0618997793622752
MA0624.3	39799	0.900522174054627	0.0721993809516996
MA0152.3	39799	0.838096528087224	0.0651214983152695
MA0625.3	39799	0.950078732531243	0.0431568554043452
MA1525.3	39799	0.86773821684135	0.0567352047967468
MA0150.3	39799	0.774454385701806	0.0507128771809152
MA0670.2	39799	0.860499007512752	0.0736977425951287
MA1643.2	39799	0.718152866540046	0.0474850283666055
MA0161.3	39799	0.856850588227779	0.0613484724412445
MA1527.2	39799	0.748268360323848	0.0512738484798258
MA0025.3	39799	0.790164247831504	0.0716712156305442
MA0671.2	39799	0.945432974686316	0.0378325656335457
MA1528.2	39799	0.766699232156861	0.050932641894968
MA0778.2	39799	0.76973429669199	0.0592403949350015
MA0060.4	39799	0.841552605198286	0.064788687642865
MA0502.3	39799	0.829916801076011	0.0601959937144132
MA1644.2	39799	0.854523684801407	0.0677790902025627
MA1529.2	39799	0.749490007985211	0.0501639266680166
MA1994.2	39799	0.837959541638524	0.0682374119135159
MA1645.2	39799	0.837616398639895	0.050746312439006
MA0672.2	39799	0.876422018255159	0.0493254172431108
MA2003.2	39799	0.893685945252748	0.0420492428665622
MA0063.3	39799	0.852467266127268	0.0598783096261965
MA0673.2	39799	0.903332542077233	0.0404133415155738
MA0124.3	39799	0.868008696551641	0.0554299670626464
MA0122.4	39799	0.794312333386803	0.0601701993572539
MA0674.2	39799	0.869627749358202	0.0695278372772864
MA0675.2	39799	0.901093366686268	0.0730365471321364
MA1530.2	39799	0.867415383136456	0.0614237534016958
MA0125.2	39799	0.883741520838994	0.0730850847465075
MA0710.2	39799	0.873932620872498	0.0707725731904417
MA0626.2	39799	0.846369782462712	0.0583457531673123
MA1995.2	39799	0.830007767561776	0.0563583807019775
MA1531.2	39799	0.774292128157783	0.0405340376710203
MA1996.2	39799	0.883748413921515	0.0681559525994142
MA0494.2	39799	0.805861648500278	0.0371248742634778
MA1110.3	39799	0.89266990603169	0.0645381470422454
MA1146.2	39799	0.766581145097752	0.0383081463370666
MA1533.2	39799	0.794022834686667	0.0351647920124812
MA1534.2	39799	0.859795899416607	0.0543283608845042
MA1535.2	39799	0.933364608953361	0.0594776139123584
MA0504.2	39799	0.825861468221998	0.0383977822522244
MA1536.2	39799	0.95849715047536	0.0363642955454812
MA0164.2	39799	0.836718930700185	0.0766478556172785
MA0017.3	39799	0.821636503684236	0.053364117087347
MA1537.2	39799	0.75699925338215	0.042949736329108
MA1111.2	39799	0.856746867533144	0.0622648634880832
MA0677.2	39799	0.746436896267601	0.0446524416894867
MA0113.4	39799	0.728992982621793	0.0485788729716051
MA0727.2	39799	0.730091427678055	0.0486498198093665
MA1112.3	39799	0.835397802029139	0.0592796601697029
MA0160.3	39799	0.860677034693329	0.051340372280719
MA1147.2	39799	0.78230933877463	0.0383162802668176
MA1540.3	39799	0.754189593466627	0.0513722097529155
MA0505.3	39799	0.807137330857665	0.0550971867053329
MA1541.2	39799	0.763073726827798	0.0435758163590041
MA0506.3	39799	0.787409178477076	0.0777440805509026
MA0842.3	39799	0.79139063472147	0.0495308705139623
MA1997.2	39799	0.881730602309883	0.075876671931709
MA0679.3	39799	0.767607410306572	0.0788285017759898
MA0757.2	39799	0.732672426743003	0.0751523878400328
MA1542.2	39799	0.848588063142036	0.046744037265324
MA1646.2	39799	0.853778920527485	0.0535821339130479
MA0711.2	39799	0.884764154879797	0.0669349828055119
MA0712.3	39799	0.857075004952308	0.0715860050125409
MA1544.2	39799	0.763464931279456	0.0531714162561552
MA1545.2	39799	0.817218396962803	0.0541421661773254
MA1961.2	39799	0.891647037841553	0.0791287456556064
MA0067.3	39799	0.773595682888029	0.0352942488398443
MA1546.2	39799	0.755336754566745	0.038640168869107
MA0680.3	39799	0.734017834783567	0.0831804783787338
MA0070.2	39799	0.807696378770467	0.0557590459396884
MA1113.3	39799	0.7812052681238	0.074132780595312
MA1114.2	39799	0.774300967977907	0.0516546167057667
MA0132.3	39799	0.877748972208387	0.0846923228871109
MA0681.3	39799	0.719941286368336	0.0882233996081523
MA0714.2	39799	0.885921905708564	0.0658355202588689
MA0782.3	39799	0.788013003005921	0.0558885846645365
MA1615.2	39799	0.854661913115977	0.0618414035629326
MA1548.2	39799	0.86188823283335	0.0716821484683909
MA0784.3	39799	0.715427071780878	0.0683919855246082
MA0785.2	39799	0.806675614541574	0.0708928307049473
MA0507.3	39799	0.728046101446104	0.0711759372562814
MA0627.3	39799	0.78774051865517	0.0743036448218555
MA0786.2	39799	0.797922233918257	0.0755193200390862
MA0790.2	39799	0.748544310194075	0.0817665665401107
MA0683.2	39799	0.691919040586611	0.0684963208813964
MA0791.2	39799	0.742815829700638	0.0823737289199347
MA1115.2	39799	0.848758005254331	0.0750290867409034
MA0628.2	39799	0.816464539987626	0.093965313673725
MA1549.2	39799	0.854997781117708	0.0635238732049048
MA0793.2	39799	0.803593190575385	0.0671380361206696
MA1148.2	39799	0.761967859533671	0.0366059542268621
MA1550.2	39799	0.75828896067317	0.0423145124053247
MA0066.2	39799	0.745677358406281	0.0346004546782402
MA0065.3	39799	0.830676373192586	0.0392933510837629
MA0508.4	39799	0.877553179476346	0.0636310463984488
MA1998.2	39799	0.823076163179346	0.0525223291629881
MA1616.2	39799	0.787666480975437	0.0475261644864755
MA1647.3	39799	0.795598692415942	0.0506167610751818
MA1999.2	39799	0.787175438734239	0.0461925489725729
MA1723.2	39799	0.824426804507366	0.0468340306183038
MA0716.2	39799	0.877563186868936	0.0818171852167207
MA0075.4	39799	0.821385668156926	0.0845405097010016
MA1618.2	39799	0.826335497632063	0.0556784325462219
MA1619.2	39799	0.84141629660117	0.0608401360427561
MA1620.2	39799	0.850179617985551	0.0580344907828772
MA1149.2	39799	0.794679778228765	0.0379649181870582
MA1552.2	39799	0.763573046542848	0.0409014720047533
MA0859.2	39799	0.708932216959342	0.0480084879939827
MA1553.2	39799	0.749872796560994	0.0422847382558799
MA0718.2	39799	0.881295836887179	0.0809182885710001
MA0717.2	39799	0.883193756498398	0.0764093898706322
MA1116.2	39799	0.908789268464272	0.0710202407000617
MA1117.2	39799	0.862046663307627	0.058121938750251
MA0138.3	39799	0.696662519203905	0.0404497994218937
MA0600.3	39799	0.724701527162154	0.0538279279256614
MA0799.3	39799	0.722132647141017	0.0509023938481163
MA0510.3	39799	0.715608981360303	0.0531644386163581
MA1724.2	39799	0.810001406268038	0.0525558735297954
MA1554.2	39799	0.893722828497155	0.0386002451256838
MA0629.2	39799	0.845936353419709	0.0496661173011044
MA0719.2	39799	0.95908683923443	0.0357425759990295
MA0072.2	39799	0.779514362539839	0.0552574555232174
MA1150.2	39799	0.832979695778964	0.0481673827673604
MA1151.2	39799	0.847343219723745	0.0443265324909548
MA0073.2	39799	0.797078679926535	0.0476879527408589
MA0002.3	39799	0.866988751484034	0.0455842224854836
MA0684.3	39799	0.842910588853442	0.0575212831229469
MA1963.2	39799	0.805066853950046	0.083578871337265
MA0743.3	39799	0.794262603138122	0.0505824204221373
MA0744.3	39799	0.793729172939083	0.0500506980464384
MA0630.2	39799	0.882311630068671	0.0826424176083778
MA0720.2	39799	0.873095942513685	0.0835988128616036
MA1118.2	39799	0.813294201560477	0.0558426390963255
MA1119.2	39799	0.769507264150713	0.0536207495609208
MA0631.2	39799	0.760971662861671	0.0498981327715467
MA2001.2	39799	0.851036744531946	0.0625067044850105
MA1964.2	39799	0.902321326960131	0.0633234398530271
MA1153.2	39799	0.871979756026424	0.0622823537493975
MA1558.2	39799	0.897493647478896	0.0574438194081195
MA0745.3	39799	0.848357502985529	0.0582895760363072
MA1559.2	39799	0.848300053862114	0.053369898944227
MA1560.2	39799	0.816054565220504	0.0606301742109513
MA0442.3	39799	0.884574467800689	0.073491783292974
MA0869.3	39799	0.845728178167011	0.0567904958842632
MA1561.2	39799	0.770040134631956	0.0506825748115266
MA1120.2	39799	0.849372257294429	0.0665614597369033
MA1562.2	39799	0.790510651022367	0.0556184136585545
MA1152.2	39799	0.9092979962658	0.0623765091602509
MA0078.3	39799	0.789433605539407	0.0575571669766546
MA0514.3	39799	0.852668851079377	0.0638953719634368
MA0867.3	39799	0.878546921923077	0.061513484922377
MA0087.3	39799	0.834075683619983	0.0567090043099314
MA0868.3	39799	0.873372432338251	0.0684036534751774
MA0077.2	39799	0.851959761649808	0.0550569236288615
MA0746.3	39799	0.858313330186223	0.0675348905512625
MA1965.2	39799	0.948227998177988	0.0755175356146982
MA0747.2	39799	0.879412135534385	0.0528163519035077
MA1564.2	39799	0.882592356330318	0.0681556987560779
MA0080.7	39799	0.781437858828186	0.050671595684014
MA0081.3	39799	0.793481331714443	0.0484414268578773
MA0687.2	39799	0.810488233393491	0.0452601934428755
MA0829.3	39799	0.783994729253434	0.0570910467254202
MA0084.2	39799	0.9026782595962	0.0633218301176948
MA0137.4	39799	0.847947705088382	0.0572436618706522
MA0517.2	39799	0.80157860642425	0.0554592112261553
MA1623.2	39799	0.805941484267821	0.0725577906480933
MA0144.3	39799	0.870014940639734	0.0518580255313216
MA0518.2	39799	0.854523258439422	0.0533364819856387
MA1624.2	39799	0.816473306249541	0.0596746814430037
MA0519.2	39799	0.865759183091204	0.0520710796717833
MA1625.2	39799	0.812264479065746	0.0623243349711528
MA0520.2	39799	0.834510807936488	0.0591223211343133
MA0091.2	39799	0.824539606570896	0.0500397480597153
MA0108.3	39799	0.871077910443854	0.0845016062458347
MA0802.2	39799	0.819081776594518	0.0505465456906339
MA1565.2	39799	0.836359189269629	0.0491196726425643
MA0804.2	39799	0.702042861595646	0.0427136198750757
MA0688.2	39799	0.844364194553485	0.0472061361131857
MA1567.3	39799	0.827285166167137	0.0493935452250846
MA0521.3	39799	0.88301810846561	0.0748529469274699
MA1648.2	39799	0.88900346849235	0.0573643464087071
MA0832.2	39799	0.758718324479211	0.0542998904749729
MA1568.2	39799	0.824618015640305	0.0407299885138445
MA0830.3	39799	0.870255247359266	0.0564970313359767
MA0769.3	39799	0.855371343280353	0.0670362171426475
MA0523.2	39799	0.844617159804926	0.0559420129120423
MA0632.3	39799	0.861813154599285	0.0696020225960081
MA0090.4	39799	0.805398017429901	0.0578528846477211
MA1121.2	39799	0.854586658749214	0.0598884867665016
MA0809.3	39799	0.831604720046668	0.0582922940028139
MA0810.2	39799	0.889892066626565	0.0538269953560314
MA0003.5	39799	0.845252979203879	0.0620439273600313
MA0811.2	39799	0.873016977361956	0.0524692497117999
MA0812.2	39799	0.868701318519366	0.0617267977486668
MA0524.3	39799	0.870036439665484	0.0523413706804254
MA0814.3	39799	0.849578265855008	0.0606831886517233
MA1569.2	39799	0.893053331647972	0.068812318826652
MA1966.2	39799	0.801297468119392	0.0459703750144317
MA1967.2	39799	0.734194253323146	0.046380000980465
MA1968.2	39799	0.812044772325261	0.0484208117818156
MA1122.2	39799	0.863594354358806	0.066011425075946
MA0692.2	39799	0.849006249115156	0.0562153629405974
MA0871.3	39799	0.808557343396712	0.0632001609248271
MA0597.3	39799	0.873765570782474	0.0556005220472659
MA1969.2	39799	0.738938645947093	0.0400875469219846
MA1574.2	39799	0.804535637781654	0.0380686793166897
MA1575.2	39799	0.748190763436578	0.0421708375733136
MA1576.2	39799	0.741645479808123	0.0375037359725929
MA1577.2	39799	0.858123092890504	0.100143896796866
MA0861.2	39799	0.741977495005813	0.0423668827175015
MA1970.2	39799	0.810019765277656	0.0667016498746251
MA1123.3	39799	0.840116593762269	0.0555265438654466
MA0633.3	39799	0.878235723983703	0.0777821073642999
MA0721.2	39799	0.878295002346176	0.0787217570859414
MA0093.4	39799	0.782674425185462	0.0570299169966565
MA0526.5	39799	0.761691802273117	0.0607327304297505
MA0722.2	39799	0.867536043055391	0.068174017939378
MA0723.3	39799	0.914751464614041	0.0598491327915358
MA0693.4	39799	0.854982649970425	0.0626548881094383
MA1578.2	39799	0.914392555751724	0.0717424077639295
MA0725.2	39799	0.837680414889329	0.0790232782124108
MA0726.2	39799	0.827883787715485	0.0798460204321644
MA1627.2	39799	0.849938462848618	0.0617093158445082
MA0844.2	39799	0.779607334153942	0.0481593127093568
MA0095.4	39799	0.834645224063893	0.0659706545031336
MA0748.3	39799	0.860511711662277	0.0623216558408585
MA0749.2	39799	0.706878919337927	0.0446621077626112
MA1971.2	39799	0.843700943923416	0.0539049603715099
MA1649.2	39799	0.868745074624942	0.057895735282316
MA1650.2	39799	0.845699966955468	0.0715014249210727
MA0698.2	39799	0.796149686705517	0.0511838844246856
MA1579.2	39799	0.860055212375575	0.0587342813235149
MA0527.2	39799	0.788082734500274	0.0606405485992629
MA1581.2	39799	0.844202839132815	0.0543683296551464
MA0750.3	39799	0.846638490161713	0.0598643276711403
MA0694.2	39799	0.820805135805682	0.0525509814529312
MA0695.2	39799	0.876231066226086	0.0497040744748056
MA0103.4	39799	0.909175010320265	0.0670949211149773
MA2002.2	39799	0.901941815667438	0.0503924403375959
MA1651.2	39799	0.754453194235464	0.0554122594893723
MA1583.2	39799	0.852635028368246	0.0615165072615306
MA0146.3	39799	0.879472856475785	0.0638317666894908
MA1628.2	39799	0.894024033580319	0.0579649703293092
MA1629.2	39799	0.840018350722373	0.0549134080606472
MA0697.3	39799	0.884534707794412	0.0629440083357525
MA0751.2	39799	0.808143243958059	0.0464075620710627
MA1584.2	39799	0.774819416128612	0.0494975569826036
MA1709.2	39799	0.790274873465273	0.0596914592940014
MA1585.2	39799	0.797167479701642	0.0533844517038581
MA1973.2	39799	0.744853518323764	0.045945209520614
MA1652.2	39799	0.852222230830785	0.0566367091050328
MA1589.2	39799	0.700756122820181	0.0384421546127751
MA1653.2	39799	0.862330729433199	0.0800073086999309
MA1654.2	39799	0.711465654557051	0.0356694534070905
MA1725.2	39799	0.82511100340593	0.0525526923013153
MA1974.2	39799	0.74889933292909	0.0635937183129984
MA1975.2	39799	0.779827893796688	0.0426187341825771
MA1710.2	39799	0.889805835403114	0.0491699421943971
MA0528.3	39799	0.9013161221798	0.0679567123674392
MA1592.2	39799	0.790111585673462	0.0429209259584395
MA1630.3	39799	0.868488344486856	0.0777210602598617
MA1154.2	39799	0.751255554276344	0.0406059966418836
MA1593.2	39799	0.83674410645935	0.0578385800322254
MA1976.2	39799	0.762589112731756	0.0470780579010618
MA1977.2	39799	0.784735840851669	0.0393432211482902
MA1726.2	39799	0.818190679862232	0.0542859371438466
MA1655.2	39799	0.845038033463144	0.0534813891307696
MA1711.2	39799	0.748653918694595	0.0455044539729918
MA1978.2	39799	0.734634833241217	0.0607583855435549
MA1125.2	39799	0.83241970362962	0.113651372594493
MA0752.2	39799	0.683286732085896	0.0477035299205999
MA1979.2	39799	0.821103828344094	0.0497799494654532
MA1727.2	39799	0.85248342422567	0.069358016246718
MA1656.2	39799	0.816187732775241	0.051097548122082
MA1712.2	39799	0.800034970957082	0.0560422223761146
MA1981.2	39799	0.815060598765411	0.0524721905314533
MA1728.2	39799	0.86369007207925	0.0572262891961841
MA1982.2	39799	0.794972094205593	0.0464932089785324
MA1983.2	39799	0.674802015368309	0.0396038922146038
MA1713.2	39799	0.821842598622641	0.0763185813997975
MA1657.2	39799	0.787442931193864	0.0641742259471727
MA1984.2	39799	0.803204845173764	0.0431560720937276
MA1714.2	39799	0.746719877986842	0.0364745115896305
MA1729.2	39799	0.786244693304743	0.0508807403111002
MA1599.2	39799	0.795804210544392	0.0591430618179356
MA1600.2	39799	0.747078428041873	0.0406559145299736
MA1986.2	39799	0.870853471642322	0.068376459167982
MA1987.2	39799	0.796777558034468	0.0403368380008793
MA1730.2	39799	0.831240073182473	0.0505869856800513
MA0753.3	39799	0.827507826496494	0.0659197717789278
MA1716.2	39799	0.753971752946335	0.0431044263326223
MA1731.2	39799	0.868406951331311	0.0508528015312062
MA1717.2	39799	0.824786351226766	0.0519732736457519
MA1719.2	39799	0.755796337249205	0.0478628164777378
MA1720.2	39799	0.770153393240746	0.0505171576493149
MA1721.2	39799	0.792666234336676	0.0732617088801091
MA1602.2	39799	0.787167766959063	0.0448155807073664
MA1722.2	39799	0.709796016333358	0.0362471350669941
