[SHORT TFBS MATRIX]
MA0004.1	39864	0.88787270589403	0.0668041689897825
MA0006.1	39864	0.938962132003019	0.0538167409070204
MA0019.1	39864	0.85637983122008	0.0395016165522956
MA0029.1	39864	0.788335001412025	0.0490634922571545
MA0030.1	39864	0.815765746747887	0.0513130617044197
MA0031.1	39864	0.877655316376366	0.0571921496469935
MA0040.1	39864	0.850084226070086	0.0552629013113331
MA0051.1	39864	0.782153435795728	0.0418242793106942
MA0059.1	39864	0.82311020057395	0.0452425224989007
MA0066.1	39864	0.761535338968143	0.031352726940213
MA0069.1	39864	0.792722201601787	0.0358672084201077
MA0070.1	39864	0.818015099984377	0.0464012644132147
MA0071.1	39864	0.859119671528157	0.0486547186971469
MA0072.1	39864	0.800425405714406	0.0468968665359818
MA0073.1	39864	0.81832007752056	0.0438552547509723
MA0074.1	39864	0.779286167983244	0.0366509105077138
MA0077.1	39864	0.876429665734416	0.0455966035885082
MA0084.1	39864	0.914112479168203	0.0456476496537726
MA0091.1	39864	0.841809463484931	0.0429624454534167
MA0092.1	39864	0.904750965814008	0.0339028759242407
MA0101.1	39864	0.89392893009453	0.0385338914763265
MA0107.1	39864	0.853798859819411	0.0473431584287053
MA0108.2	39864	0.853587604249428	0.0450290138944584
MA0111.1	39864	0.886008282430671	0.0287478859579593
MA0115.1	39864	0.701073915445503	0.0414634458702882
MA0116.1	39864	0.84707474494589	0.0395641670230766
MA0119.1	39864	0.766557112163308	0.0476655680125004
MA0125.1	39864	0.897234874700993	0.0537999840268016
MA0130.1	39864	0.982338447809876	0.0243301989455776
MA0135.1	39864	0.825252086478392	0.0605957406978815
MA0139.1	39864	0.794656351659936	0.0408920119617818
MA0142.1	39864	0.785866387560518	0.0468378899357868
MA0149.1	39864	0.714377782724265	0.0538568924534001
MA0138.2	39864	0.709113093794269	0.0384520939400573
MA0002.2	39864	0.877681967193378	0.0390308361215002
MA0065.2	39864	0.830857293913525	0.0345306998299491
MA0151.1	39864	0.945471757041223	0.0662918641438893
MA0155.1	39864	0.87406258736527	0.0380363745171081
MA0159.1	39864	0.815506637580461	0.0319935471173807
MA0163.1	39864	0.819473552300168	0.0458347975418929
MA0164.1	39864	0.869988267111343	0.0623024699967671
MA0259.1	39864	0.914684103400827	0.0521459266602648
MA0145.2	39864	0.853527149541691	0.0362165562704489
MA0146.2	39864	0.879087281135762	0.0587088270361704
MA0468.1	39864	0.839862852004023	0.0519637385286573
MA0476.1	39864	0.856350426604989	0.0524343872030576
MA0478.1	39864	0.857693330839278	0.0505974905717475
MA0479.1	39864	0.856400203019122	0.0493262465193925
MA0483.1	39864	0.869721827867721	0.043868928226568
MA0488.1	39864	0.826366481921405	0.0476324270253195
MA0492.1	39864	0.825830316368396	0.0469673484883976
MA0494.1	39864	0.817779324370332	0.0332707830997223
MA0497.1	39864	0.849180359107261	0.0550380324260552
MA0501.1	39864	0.773857435122966	0.0428268413383099
MA0504.1	39864	0.840565749766587	0.0350724520919598
MA0515.1	39864	0.895204799825017	0.0446671937045563
MA0517.1	39864	0.816473475341714	0.0458697656744181
MA0518.1	39864	0.860458556596944	0.0432812618476894
MA0519.1	39864	0.876575450131595	0.0438152469922913
MA0520.1	39864	0.842370395789874	0.0455169042125881
MA0523.1	39864	0.84440106076464	0.0422765624187803
MA0527.1	39864	0.787506214631963	0.0499511503566978
MA0076.2	39864	0.869748351530117	0.0485133411581685
MA0258.2	39864	0.821798529007644	0.0375379319507263
MA0150.2	39864	0.773672067352051	0.0421890430935016
MA0137.3	39864	0.856906794397368	0.0483595921193864
MA0144.2	39864	0.885732353964983	0.0421820512752556
MA0140.2	39864	0.794600190355756	0.0440794321585836
MA0591.1	39864	0.789868196790757	0.0398258105065845
MA0593.1	39864	0.868407103509464	0.0542175028788587
MA0595.1	39864	0.880084079874184	0.0428850342372979
MA0596.1	39864	0.864960348117232	0.0450922919333509
MA0599.1	39864	0.942437752801267	0.0510531127619071
MA0601.1	39864	0.853193994274378	0.0708159534054258
MA0602.1	39864	0.832055584370636	0.0611621424394787
MA0603.1	39864	0.844096411821379	0.052762952291411
MA0604.1	39864	0.861147362321105	0.0519812872844778
MA0608.1	39864	0.85557091379257	0.0482989615471558
MA0610.1	39864	0.828317790525324	0.0565804695251522
MA0613.1	39864	0.873224669499615	0.0654879324694922
MA0614.1	39864	0.897670925581495	0.0567248626150378
MA0615.1	39864	0.832807222417968	0.039560170114861
MA0618.1	39864	0.887261459832949	0.0551861271113165
MA0619.1	39864	0.903199228485253	0.0673399132219935
MA0621.1	39864	0.822909723152864	0.0775023824093393
MA0622.1	39864	0.855529070772992	0.0607036010248778
MA0626.1	39864	0.870968668162667	0.0498600419100672
MA0628.1	39864	0.824828929259142	0.0677482751992183
MA0629.1	39864	0.82087310490393	0.0376225208541275
MA0630.1	39864	0.905303228569421	0.0603212007878912
MA0631.1	39864	0.765315886334794	0.0444945386924762
MA0634.1	39864	0.874533405573412	0.0553789579630898
MA0007.3	39864	0.750037132508147	0.0405470941938314
MA0635.1	39864	0.897176062678026	0.0420295750221186
MA0636.1	39864	0.802562813528878	0.0526243909029553
MA0638.1	39864	0.780930273036309	0.0411353712900634
MA0639.1	39864	0.817011457437435	0.0535342117339265
MA0641.1	39864	0.799375550299626	0.0469199320651869
MA0027.2	39864	0.905349330442683	0.0530990119878938
MA0643.1	39864	0.850149411699024	0.0474197533340643
MA0645.1	39864	0.870219562372603	0.046732596938497
MA0475.2	39864	0.848347551411856	0.0472929251517077
MA0042.2	39864	0.892319928104265	0.0578751317887229
MA0033.2	39864	0.925783362815299	0.0554862401033051
MA0646.1	39864	0.824732850755701	0.038123494452332
MA0647.1	39864	0.783421565576903	0.048273998310863
MA0648.1	39864	0.873084358263141	0.0486164915641361
MA0649.1	39864	0.838079565562587	0.0512380687768676
MA0131.2	39864	0.834197383929326	0.0522527214394004
MA0046.2	39864	0.778745214587047	0.0596913179023039
MA0153.2	39864	0.768002307979922	0.0598683037592489
MA0486.2	39864	0.771374446083491	0.0503152409378624
MA0652.1	39864	0.743573602319411	0.0438868970717298
MA0653.1	39864	0.719674099900836	0.0458296016121792
MA0654.1	39864	0.889558297514682	0.0679440654003909
MA0655.1	39864	0.809106370680504	0.0558464362924575
MA0656.1	39864	0.768211301594576	0.0543512456196992
MA0657.1	39864	0.755165099601444	0.0399161151024701
MA0658.1	39864	0.845986955719766	0.0540798777693383
MA0660.1	39864	0.800144864721498	0.066508039355176
MA0661.1	39864	0.873013499472528	0.0520574679698521
MA0662.1	39864	0.898895836500824	0.053981429426387
MA0663.1	39864	0.802637654482527	0.050241869736591
MA0664.1	39864	0.825632301088972	0.0486329979226794
MA0665.1	39864	0.835755701872597	0.0429467309849475
MA0667.1	39864	0.821903914865416	0.0476530792172675
MA0669.1	39864	0.824282175399742	0.045829479124285
MA0670.1	39864	0.876553602943017	0.066068050097695
MA0671.1	39864	0.950091387961124	0.028307411674023
MA0048.2	39864	0.852284699492225	0.0499513742211752
MA0672.1	39864	0.892648037745383	0.040827557360518
MA0673.1	39864	0.921969585257477	0.0333337413769386
MA0674.1	39864	0.905754166751322	0.0561869627066359
MA0675.1	39864	0.914572359260304	0.0560870321842894
MA0676.1	39864	0.87105405271172	0.0486855586292306
MA0677.1	39864	0.769347665804478	0.0416188366921456
MA0678.1	39864	0.827499795940149	0.0474539651124666
MA0068.2	39864	0.860285963631904	0.0559466520944773
MA0683.1	39864	0.730625751884916	0.0576989784952874
MA0512.2	39864	0.749121641286948	0.0433500597354581
MA0686.1	39864	0.820911706026869	0.0427191129212558
MA0687.1	39864	0.830068503479109	0.039655518803987
MA0083.3	39864	0.714741614209985	0.0448191620029311
MA0009.2	39864	0.728401558567107	0.0398682705685514
MA0688.1	39864	0.84976894113771	0.040229983901282
MA0689.1	39864	0.831473948644723	0.0417730545157763
MA0691.1	39864	0.829023836885456	0.0504546574891122
MA0692.1	39864	0.848418464730934	0.0473320529404201
MA0694.1	39864	0.816883992119813	0.043041811102071
MA0695.1	39864	0.841599076323588	0.0388570127885212
MA0696.1	39864	0.789569942418809	0.044636182930272
MA0698.1	39864	0.82523356966487	0.0454122483698686
MA0699.1	39864	0.883153408503654	0.050481826083136
MA0704.1	39864	0.893115584903256	0.0535240226691075
MA0705.1	39864	0.89975920932678	0.0528667271251592
MA0706.1	39864	0.880012539664184	0.051274586974366
MA0709.1	39864	0.891816811177222	0.0643616304489056
MA0710.1	39864	0.89053382977903	0.0504397989353452
MA0124.2	39864	0.868021025322525	0.0455383820821793
MA0711.1	39864	0.90026713313305	0.0525003323671799
MA0132.2	39864	0.910599855104477	0.0617240140967957
MA0713.1	39864	0.819599567005689	0.0629422941073231
MA0714.1	39864	0.893060653541495	0.0491779924052912
MA0715.1	39864	0.797142435375402	0.0696671139942161
MA0716.1	39864	0.898115907734608	0.0617175501809278
MA0717.1	39864	0.901919418535782	0.057477851357968
MA0718.1	39864	0.882130390041047	0.0568970398965425
MA0719.1	39864	0.969632508977981	0.0233996410537044
MA0720.1	39864	0.898389986276881	0.0619696085333791
MA0721.1	39864	0.900281662404149	0.059122696506944
MA0722.1	39864	0.899126282213039	0.0536765868493705
MA0724.1	39864	0.862855089518657	0.0531683334779257
MA0725.1	39864	0.886429239534922	0.0630924043917993
MA0726.1	39864	0.871363244541885	0.0645852552253738
MA0112.3	39864	0.740566973452762	0.0414496929768975
MA0141.3	39864	0.807340009499444	0.0522508739752111
MA0017.2	39864	0.844230406734274	0.0505436795036328
MA0113.3	39864	0.752996086219032	0.0430845359052965
MA0727.1	39864	0.749171543541955	0.0433673621786062
MA0728.1	39864	0.748607007359691	0.0507906265862715
MA0729.1	39864	0.72550579651333	0.0419163879996755
MA0730.1	39864	0.734130741832648	0.0387341642333169
MA0731.1	39864	0.695731240123016	0.0414187768635373
MA0472.2	39864	0.822792031044502	0.0488651337164205
MA0732.1	39864	0.795518614226115	0.0563665672383454
MA0733.1	39864	0.794837150465599	0.0448387517030134
MA0735.1	39864	0.719578292853122	0.0413390321163703
MA0736.1	39864	0.803013781695117	0.0416988185591633
MA0737.1	39864	0.761443512961618	0.0383664760430224
MA0738.1	39864	0.927500956459671	0.0357288751383016
MA0739.1	39864	0.889459020600568	0.0384529395808147
MA0741.1	39864	0.886215758830467	0.0580532958865745
MA0747.1	39864	0.885473192839836	0.04544637333346
MA0749.1	39864	0.72479323827289	0.0397086323900488
MA0751.1	39864	0.820799582788819	0.0406168703163232
MA0088.2	39864	0.769809041479148	0.0392625960051655
MA0752.1	39864	0.709920861760288	0.0429314532111412
MA0755.1	39864	0.802622295971606	0.058556998851118
MA0757.1	39864	0.774443643930114	0.0635041003374884
MA0758.1	39864	0.718984975476729	0.0454038208066982
MA0760.1	39864	0.849344795297156	0.0447727127575994
MA0098.3	39864	0.865047831170141	0.0449321833884638
MA0762.1	39864	0.826913122856502	0.0436434403685926
MA0763.1	39864	0.853466575223403	0.0425174301023543
MA0767.1	39864	0.855478036578733	0.0383039678868925
MA0770.1	39864	0.784623573800088	0.048998912638111
MA0771.1	39864	0.809776831741204	0.045048307999181
MA0772.1	39864	0.795642675530214	0.0477415035876872
MA0773.1	39864	0.812339183843555	0.0688201602731624
MA0498.2	39864	0.95712291281128	0.0409725482137541
MA0774.1	39864	0.892937218758931	0.0497616081301845
MA0775.1	39864	0.917307460749933	0.0436714181871371
MA0776.1	39864	0.769065076914414	0.0422798313010043
MA0777.1	39864	0.736023179697818	0.039824877350786
MA0105.4	39864	0.751413086474508	0.0519551867452623
MA0778.1	39864	0.784528418164692	0.0521132372088609
MA0779.1	39864	0.765880831894594	0.0320652123935877
MA0780.1	39864	0.780317324845484	0.0670808711874768
MA0781.1	39864	0.74260986773226	0.0351181448574426
MA0783.1	39864	0.756365725154038	0.0483185039198659
MA0785.1	39864	0.824869622476543	0.0582209312025703
MA0786.1	39864	0.824545223643869	0.0610782648758531
MA0787.1	39864	0.813590118420504	0.0606246802052153
MA0788.1	39864	0.808710534406871	0.0597945741761268
MA0789.1	39864	0.836316492105912	0.0647192377903782
MA0790.1	39864	0.780004346503692	0.0639900303577991
MA0791.1	39864	0.758131286625327	0.0621754851752187
MA0792.1	39864	0.857502075091789	0.059378429763086
MA0793.1	39864	0.844007167117429	0.0561129108994872
MA0794.1	39864	0.784810030598469	0.0409127754193128
MA0600.2	39864	0.741115954545415	0.0467064586017413
MA0795.1	39864	0.782694105370983	0.046211606527232
MA0796.1	39864	0.731670023227028	0.0508742165051558
MA0797.1	39864	0.762666243448091	0.0465772662294999
MA0510.2	39864	0.734089408939928	0.0472442662884921
MA0511.2	39864	0.857545296557048	0.0443932702055794
MA0800.1	39864	0.817638661213436	0.0426077307452738
MA0801.1	39864	0.891075022164012	0.0485621205553675
MA0802.1	39864	0.83559439405533	0.0451991340891608
MA0803.1	39864	0.870978121472351	0.0533025899455419
MA0804.1	39864	0.711089490027474	0.0387800755224071
MA0805.1	39864	0.870949061067399	0.053618845219961
MA0806.1	39864	0.895513300918735	0.0457842145704228
MA0807.1	39864	0.902216358563348	0.0425002864706754
MA0808.1	39864	0.904688006868499	0.0489973192420772
MA0810.1	39864	0.88851834653757	0.0444193418681871
MA0811.1	39864	0.873879817117052	0.0434345455264887
MA0812.1	39864	0.874129820954746	0.0479317760167024
MA0813.1	39864	0.83523455027361	0.0522684311624847
MA0524.2	39864	0.87008147416472	0.0433240215766989
MA0815.1	39864	0.828426366081687	0.0547048513841256
MA0816.1	39864	0.862934160673992	0.0479149970367753
MA0461.2	39864	0.855001625954159	0.0444539206556459
MA0464.2	39864	0.837062454266667	0.0541755366577893
MA0817.1	39864	0.797618623649424	0.0511327665829739
MA0820.1	39864	0.894307484449629	0.0433545127720302
MA0822.1	39864	0.755742361593685	0.0535510475356341
MA0823.1	39864	0.829607164612041	0.056499642621367
MA0058.3	39864	0.852002354218211	0.0529042435169715
MA0825.1	39864	0.862893356056725	0.0510456121164785
MA0826.1	39864	0.810088864910997	0.0506135651270092
MA0827.1	39864	0.849982828617299	0.0430924262259789
MA0832.1	39864	0.766344942966821	0.046089018828273
MA0834.1	39864	0.756603579869784	0.0533943190092417
MA0838.1	39864	0.806544688940337	0.0461640073277106
MA0839.1	39864	0.75767477659567	0.0402443695282634
MA0840.1	39864	0.787632917880352	0.0543674198200355
MA0117.2	39864	0.842956728014873	0.0421211295255154
MA0841.1	39864	0.791775835157654	0.051861023877556
MA0843.1	39864	0.805958701152673	0.0528160159292865
MA0844.1	39864	0.775574861871169	0.0399018651277294
MA0845.1	39864	0.842049402671891	0.0583488744230903
MA0032.2	39864	0.871001766979801	0.0557460732388412
MA0846.1	39864	0.86506329021965	0.0566837457221092
MA0848.1	39864	0.910584928055304	0.0531190949581022
MA0849.1	39864	0.895840234697787	0.0572834717833273
MA0850.1	39864	0.939131358109966	0.0384345534785919
MA0851.1	39864	0.824655062947402	0.0551028644984018
MA0853.1	39864	0.777765041862104	0.0503950898828315
MA0854.1	39864	0.78281046716296	0.0528136659030456
MA0855.1	39864	0.746025088806086	0.0434751796155225
MA0856.1	39864	0.756207986733938	0.0426810767698426
MA0857.1	39864	0.718944322091241	0.0469246207692398
MA0858.1	39864	0.72708635454939	0.0403003245858249
MA0859.1	39864	0.740132353146488	0.0499492554923771
MA0860.1	39864	0.724505954452199	0.0441159361784663
MA0525.2	39864	0.722647458982459	0.0380227489518571
MA0106.3	39864	0.73168153359489	0.0361698878200923
MA0861.1	39864	0.767022844320819	0.0383433270075969
MA0862.1	39864	0.838314222051332	0.0469433570075845
MA0863.1	39864	0.748605398315294	0.0378307300345146
MA0024.3	39864	0.788620122986541	0.0427966625461041
MA0866.1	39864	0.729106678425083	0.0511403485341863
MA0870.1	39864	0.729114555564182	0.0512248160585641
MA0872.1	39864	0.82348380976174	0.0560140639570957
MA0028.2	39864	0.823784641056687	0.0543956440859157
MA0873.1	39864	0.816840204105565	0.0462862894677076
MA0874.1	39864	0.770639805401893	0.0501916765519643
MA0875.1	39864	0.92322847763153	0.0520855111690723
MA0876.1	39864	0.926404623740697	0.0493327419412378
MA0880.1	39864	0.91270085047422	0.0586667673355719
MA0881.1	39864	0.912411414710877	0.0565342016102464
MA0882.1	39864	0.911834233046694	0.0575679994095485
MA0883.1	39864	0.817265828674748	0.0429672212376969
MA0886.1	39864	0.867583101538473	0.0552655555990769
MA0887.1	39864	0.890675271310359	0.0453466079088177
MA0888.1	39864	0.88791235574811	0.0459652301632148
MA0889.1	39864	0.857123000184878	0.0558232661016832
MA0890.1	39864	0.875415004491677	0.0592288769632459
MA0891.1	39864	0.886140949936294	0.0431121398891876
MA0892.1	39864	0.900405772101647	0.0442111304885924
MA0894.1	39864	0.872510060992671	0.0609768073363874
MA0895.1	39864	0.864527184045766	0.0451688905657436
MA0896.1	39864	0.790103495971726	0.0428229291340657
MA0897.1	39864	0.771327235148984	0.046821257031195
MA0898.1	39864	0.769595995530709	0.0469413701835727
MA0899.1	39864	0.867634111232705	0.0548083133979284
MA0903.1	39864	0.912636653497614	0.049501115928492
MA0905.1	39864	0.866687958747554	0.0505155818268849
MA0906.1	39864	0.810455406144427	0.0478062956873888
MA0907.1	39864	0.816381113146121	0.0493110819202266
MA0908.1	39864	0.851318309012378	0.0501385396143542
MA0911.1	39864	0.831008127379021	0.0445116835405868
MA0914.1	39864	0.902447669821585	0.0443752050137511
MA0852.2	39864	0.82877632700043	0.0483117745184129
MA0036.3	39864	0.861037226366169	0.0560442425026128
MA1106.1	39864	0.857069275645199	0.055859850341973
MA0147.3	39864	0.832236096531993	0.053671537022574
MA0100.3	39864	0.892098273439624	0.0578492049494173
MA0104.4	39864	0.811670202163732	0.0528897630999707
MA1109.1	39864	0.851980304031556	0.0443864316283378
MA0161.2	39864	0.866181554529907	0.0488457564672266
MA0060.3	39864	0.844333426968276	0.0558861283020283
MA1111.1	39864	0.860918328855048	0.0510171990790315
MA0014.3	39864	0.834885762017122	0.045406320394825
MA1114.1	39864	0.784007058061235	0.0458768415426488
MA1115.1	39864	0.857469920583054	0.0610148176458866
MA1116.1	39864	0.921563189224857	0.058995434638302
MA1117.1	39864	0.851861958143678	0.0441833538275522
MA1118.1	39864	0.820350866345127	0.0456201644741896
MA1119.1	39864	0.767822626849963	0.0426860233395973
MA0442.2	39864	0.887640212426387	0.0555455616017944
MA1120.1	39864	0.867106304564752	0.0548556215993779
MA1121.1	39864	0.835031885537325	0.0462692468978635
MA1122.1	39864	0.866024897982339	0.0595398312364695
MA0750.2	39864	0.845979361764106	0.0519615136491698
MA0103.3	39864	0.904210828001234	0.0551959066480054
MA1124.1	39864	0.750990819350213	0.0621202595731279
MA1125.1	39864	0.878633416447592	0.0935058184520892
MA1154.1	39864	0.762133083878249	0.0369158365719641
MA1155.1	39864	0.758353719593143	0.0425504071014666
MA0099.3	39864	0.844851669533741	0.0489784225888918
MA1126.1	39864	0.775232551843004	0.0440691422148545
MA1127.1	39864	0.783777469265435	0.0524041530126282
MA1128.1	39864	0.832359983576911	0.0488950326526022
MA1129.1	39864	0.795680445009567	0.0519344402673314
MA1130.1	39864	0.839511951963801	0.0490554414430219
MA1131.1	39864	0.807012031716878	0.0510203514983969
MA1132.1	39864	0.847851328246147	0.0447975273708234
MA1133.1	39864	0.798018649570279	0.0491746735697976
MA1134.1	39864	0.82486461829708	0.0504768840865831
MA1135.1	39864	0.840789073210461	0.051413137518153
MA1136.1	39864	0.808773801975156	0.0503432398806143
MA1137.1	39864	0.829818460320642	0.0472946932826729
MA1138.1	39864	0.837213039869086	0.0532355244789988
MA1139.1	39864	0.779712184793203	0.0540563536016974
MA1141.1	39864	0.824671043827755	0.0491597054912642
MA1142.1	39864	0.865658601955492	0.0451008892678205
MA1143.1	39864	0.836665068814283	0.0460986984560117
MA1144.1	39864	0.836802191834934	0.0511856491616874
MA1145.1	39864	0.784103064674607	0.0497959983189557
MA1146.1	39864	0.779220238839469	0.0340377791570694
MA1147.1	39864	0.793334400019007	0.0345022823068643
MA1148.1	39864	0.781084243300157	0.033739462180981
MA1149.1	39864	0.80888093809431	0.0354480010422114
MA1150.1	39864	0.856770618413278	0.0413430111945215
MA1151.1	39864	0.860106745311884	0.0389171177913495
MA1152.1	39864	0.908038262766086	0.0465949493492984
MA1153.1	39864	0.889194738268491	0.056954388904538
MA1418.1	39864	0.732456465772664	0.0410572729700885
MA1419.1	39864	0.727505141930794	0.0423951906677392
MA1420.1	39864	0.770105198513498	0.0376135770317685
MA1421.1	39864	0.799883098181377	0.0453833078576103
MA1463.1	39864	0.827896661214892	0.0681417747407753
MA1464.1	39864	0.831282766241794	0.0546912262268809
MA1466.1	39864	0.756606342967793	0.0412196614074616
MA1468.1	39864	0.875099888820976	0.0370827265889127
MA1101.2	39864	0.742416159647397	0.0451047464252651
MA1470.1	39864	0.722505157958717	0.0388768142256736
MA1471.1	39864	0.862138071128599	0.0578524521587708
MA1473.1	39864	0.834209557540928	0.0549865969622506
MA1474.1	39864	0.813353473795976	0.0420450204867076
MA1475.1	39864	0.800696483047437	0.0478675192285867
MA1478.1	39864	0.839321008374994	0.0460214126085328
MA1479.1	39864	0.811077147589203	0.0487086201793543
MA1480.1	39864	0.840600393966042	0.0472649318352502
MA1481.1	39864	0.904309268833758	0.0600976917768029
MA1484.1	39864	0.866108096127617	0.0461288356936149
MA1485.1	39864	0.790547609616146	0.0431262102757084
MA1489.1	39864	0.812026515151515	0.0750646416316422
MA1493.1	39864	0.824506437751913	0.0423502540482818
MA1494.1	39864	0.75341641403916	0.0405483940238882
MA1495.1	39864	0.906324693825215	0.0474948672913909
MA1496.1	39864	0.926341954237061	0.0419848551593588
MA1497.1	39864	0.880630417422233	0.0442133002906343
MA1499.1	39864	0.902299738629741	0.0643309572264207
MA1500.1	39864	0.920902892997801	0.0438455442321903
MA1501.1	39864	0.867088105392705	0.0445995378153573
MA1502.1	39864	0.908386777972065	0.0538944429087035
MA1503.1	39864	0.826443223062389	0.0512448619668433
MA1504.1	39864	0.92681533252794	0.0579845897710704
MA1505.1	39864	0.908638232693996	0.0455230918871692
MA1506.1	39864	0.80898499249411	0.0481725121264427
MA1507.1	39864	0.920480681841673	0.0623432515553737
MA1508.1	39864	0.860325256765953	0.0455315399032167
MA1509.1	39864	0.819889640686986	0.0442666284436294
MA1512.1	39864	0.880706983689299	0.053899447959127
MA1513.1	39864	0.876782200289557	0.0883063394552012
MA1514.1	39864	0.80184405474151	0.04628431180071
MA1515.1	39864	0.913118185354164	0.0531412504938612
MA1516.1	39864	0.864511518522819	0.0550423555521606
MA1517.1	39864	0.898845926670708	0.0514047146209258
MA1519.1	39864	0.877524170171352	0.0678193386852033
MA1520.1	39864	0.77376633844746	0.036799739235074
MA1521.1	39864	0.782277673487656	0.0371234404269744
MA1522.1	39864	0.898665606568699	0.0675089205828703
MA1523.1	39864	0.875839898918485	0.0404303996764456
MA1527.1	39864	0.76846944881796	0.0470622194546975
MA1528.1	39864	0.77951590900407	0.0454186697014383
MA1529.1	39864	0.753961886389861	0.0444998800889639
MA1530.1	39864	0.89315402842019	0.0518813124173565
MA1531.1	39864	0.798312895308221	0.0389075908536733
MA1533.1	39864	0.803836453846347	0.0316136189861854
MA1534.1	39864	0.876267157186285	0.0467522010150988
MA1535.1	39864	0.943284017197227	0.048180519675717
MA1536.1	39864	0.969153175966925	0.0271460091149251
MA1537.1	39864	0.776886943868031	0.0400803334525423
MA1538.1	39864	0.758878890395455	0.0404406227902314
MA1539.1	39864	0.745227134654289	0.0414002471768436
MA1541.1	39864	0.775160730957201	0.0389809848907488
MA1542.1	39864	0.858374305764181	0.041593797406049
MA1544.1	39864	0.776801725345496	0.045281795357407
MA1545.1	39864	0.811873097384301	0.0432772595649072
MA1546.1	39864	0.771588719628996	0.0337962150050414
MA1548.1	39864	0.868380905948486	0.0623267675960698
MA1549.1	39864	0.871349167024382	0.0499493509857037
MA1550.1	39864	0.777268107596639	0.0389291500246023
MA1552.1	39864	0.777308004961185	0.0374396949640264
MA1553.1	39864	0.766346852105026	0.0385526704919081
MA1554.1	39864	0.902755702704354	0.0332960597565382
MA1555.1	39864	0.786879806781952	0.0389034705180905
MA1556.1	39864	0.782996338470195	0.0407828936460235
MA1557.1	39864	0.806820786355894	0.0419602746246768
MA1558.1	39864	0.90577981454088	0.0504442555295168
MA1559.1	39864	0.866832740589842	0.0494507046305801
MA1560.1	39864	0.826037342934931	0.0536254750560849
MA1561.1	39864	0.795452650230899	0.0435419870757246
MA1562.1	39864	0.811782102579556	0.0471258447412125
MA1564.1	39864	0.880619792754669	0.0569927342572544
MA1565.1	39864	0.843856885799647	0.0406487808723546
MA1568.1	39864	0.833691352199141	0.0361985452109722
MA1569.1	39864	0.89569053363995	0.0550802016779587
MA1570.1	39864	0.890327989907352	0.0393171300426828
MA1571.1	39864	0.777291917761099	0.0429690168794089
MA1572.1	39864	0.783838573958791	0.0421757450209773
MA1574.1	39864	0.819057094074464	0.0350951311762145
MA1575.1	39864	0.758910859739612	0.0393591705838581
MA1576.1	39864	0.759425015990895	0.0348021526423466
MA1577.1	39864	0.898646744384183	0.0706673996511381
MA1578.1	39864	0.889069222713866	0.0542663234715433
MA1579.1	39864	0.860665110172639	0.0499533845878837
MA1580.1	39864	0.819093957986741	0.0554142882163904
MA1581.1	39864	0.855113973353472	0.0494906252987938
MA1583.1	39864	0.842114748682594	0.0482631848765908
MA1584.1	39864	0.788016379499042	0.0448324884222832
MA1585.1	39864	0.821888663127111	0.0501663615401336
MA1587.1	39864	0.822391350492185	0.0630023065075454
MA1588.1	39864	0.758748411987898	0.0400774430179387
MA1589.1	39864	0.709917273948837	0.0365888629953716
MA1592.1	39864	0.799413069763422	0.0371487711045853
MA1593.1	39864	0.827039872858849	0.0459755380974556
MA1594.1	39864	0.701251516069734	0.0307510583069655
MA1596.1	39864	0.820031567455565	0.0856508038116192
MA1597.1	39864	0.728495638145882	0.0395256423760652
MA1599.1	39864	0.784853369547563	0.0495556174142325
MA1600.1	39864	0.746180773049785	0.0350113601763401
MA1602.1	39864	0.807581963591193	0.041475768766019
MA1603.1	39864	0.79591252156995	0.0492545940624621
MA1604.1	39864	0.8250669457053	0.0514722145352985
MA1606.1	39864	0.860014444664729	0.0616821366988087
MA1607.1	39864	0.820409807043494	0.0570268016615889
MA1608.1	39864	0.855606719494437	0.0526707443925503
MA1615.1	39864	0.848253384877311	0.0557574743628423
MA1616.1	39864	0.801296882705335	0.0418705860064864
MA1618.1	39864	0.851626898813811	0.0483172203876122
MA1619.1	39864	0.85769645951831	0.0525395836707545
MA1620.1	39864	0.867355502245472	0.0504910854965065
MA1621.1	39864	0.863767406080487	0.0492511368186509
MA1623.1	39864	0.833731736676801	0.0556397820701352
MA1624.1	39864	0.838810131099052	0.0513799054407198
MA1625.1	39864	0.824264187725331	0.0526548378005945
MA1627.1	39864	0.848035731004441	0.0557616907977174
MA1628.1	39864	0.891204071111104	0.0511350861564299
MA1629.1	39864	0.827717965139932	0.0470812941989178
MA1100.2	39864	0.898728350596082	0.0436148235928715
MA0605.2	39864	0.767398539533201	0.0565586059490659
MA0462.2	39864	0.82847892578821	0.0549589376423769
MA0463.2	39864	0.765318091063507	0.0398269644650123
MA0864.2	39864	0.775899643402405	0.0425230890947852
MA0469.3	39864	0.718631244983079	0.0393290939389735
MA0470.2	39864	0.767819806765314	0.0421910900123396
MA0612.2	39864	0.879804996259525	0.0611339986429589
MA0766.2	39864	0.881165274031563	0.0511814016592242
MA0038.2	39864	0.827267770880344	0.0445190606032112
MA0893.2	39864	0.926113742372825	0.0441528757456017
MA1099.2	39864	0.872628528221288	0.0592308133700168
MA0616.2	39864	0.830338492873816	0.0587712641099038
MA0900.2	39864	0.880748527965051	0.0657981632464163
MA0158.2	39864	0.901109277015362	0.05087972220809
MA0594.2	39864	0.886898801917702	0.039998426427239
MA0902.2	39864	0.914089603785916	0.0517811547078433
MA0904.2	39864	0.893359169369745	0.0531997859480215
MA0485.2	39864	0.817535891062862	0.052456153352464
MA0912.2	39864	0.860445406133309	0.0577162260312934
MA0910.2	39864	0.902913125622939	0.0529053394358271
MA0913.2	39864	0.858527939497067	0.0571938433217487
MA1140.2	39864	0.747005389249022	0.0529565173680051
MA0701.2	39864	0.874622887675599	0.0618908882281407
MA0702.2	39864	0.851841229405442	0.0728466202065818
MA0703.2	39864	0.806064877282666	0.0771444042150304
MA0623.2	39864	0.825866996799127	0.0483771658818712
MA0842.2	39864	0.809216157469176	0.0434598344421867
MA0682.2	39864	0.896859921263958	0.0637613501158543
MA0075.3	39864	0.86505656111817	0.0709576410456625
MA0867.2	39864	0.898539912783125	0.0469713278913852
MA0868.2	39864	0.865558652702206	0.0483476449215878
MA0746.2	39864	0.867835888614966	0.0574324413741451
MA0632.2	39864	0.852545218393518	0.0601141935617299
MA0871.2	39864	0.822307513972167	0.0541984799690727
MA0753.2	39864	0.822550804474333	0.0570957939161822
MA0122.3	39864	0.816292970633164	0.0533044536311807
MA1707.1	39864	0.832212942227692	0.0493522286755531
MA1708.1	39864	0.879447506662797	0.0402605223061998
MA1709.1	39864	0.805226791598996	0.0481371324100314
MA1710.1	39864	0.905458723675353	0.0419533669063099
MA1711.1	39864	0.764175768892737	0.0414926112238532
MA1712.1	39864	0.807196801723154	0.0503890937104339
MA1713.1	39864	0.816915151658449	0.0699127905100098
MA1714.1	39864	0.763082512313389	0.0326934327423401
MA1715.1	39864	0.751188556290044	0.0402347368846071
MA1716.1	39864	0.756893692421549	0.0381461495678881
MA1717.1	39864	0.816460500571395	0.0435899771107655
MA1718.1	39864	0.688022913717168	0.043912561035605
MA1719.1	39864	0.763539984833902	0.0429925233930593
MA1720.1	39864	0.784308997049949	0.0428206612918964
MA1721.1	39864	0.791264603353294	0.0679740634087345
MA1722.1	39864	0.726015270828894	0.0340860030096435
MA1723.1	39864	0.824326296030074	0.0404163170988168
MA1724.1	39864	0.81509310387982	0.0443397965033985
MA1631.1	39864	0.865222791508698	0.0498389195546264
MA1632.1	39864	0.817242299205066	0.0548760427840947
MA1634.1	39864	0.830260072035624	0.0552343206526994
MA1635.1	39864	0.886350228948934	0.0655948393175042
MA1636.1	39864	0.798198090274152	0.0494326820291574
MA1637.1	39864	0.825034448216653	0.0532600719336342
MA1638.1	39864	0.896619823310394	0.0600721522273547
MA1639.1	39864	0.8208910619597	0.0539716183978365
MA1640.1	39864	0.796257534714217	0.0554932111242293
MA1641.1	39864	0.848013384781068	0.0519466511939937
MA1642.1	39864	0.862282954898508	0.046739838285608
MA1643.1	39864	0.735848350832486	0.0436005390432854
MA1644.1	39864	0.844991646710631	0.0559667688094328
MA1645.1	39864	0.842954512496545	0.043315810456277
MA1646.1	39864	0.865539151953705	0.0467084801146746
MA1648.1	39864	0.895131324707986	0.0510647697407977
MA1649.1	39864	0.870301402778976	0.0479741874068025
MA1650.1	39864	0.835243910773085	0.0671811801734096
MA1651.1	39864	0.757314312646976	0.0472887437901674
MA1652.1	39864	0.845659177033817	0.046911078133672
MA1653.1	39864	0.869645438440187	0.0688314514796906
MA1654.1	39864	0.717725070403574	0.0332122004932625
MA1655.1	39864	0.848565530314681	0.0459894641221893
MA1656.1	39864	0.823249699123557	0.0450726355055066
MA1657.1	39864	0.80624771427654	0.0546174648413834
MA1683.1	39864	0.859098951541544	0.0590162417807723
MA1725.1	39864	0.830581947115611	0.0442497480257973
MA1726.1	39864	0.807567719610951	0.0472244620472792
MA1727.1	39864	0.81518472190911	0.0500570947240114
MA1728.1	39864	0.859153571135819	0.0489820923483229
MA1729.1	39864	0.787688153458117	0.0413099286539808
MA1730.1	39864	0.807962341214226	0.0418155763459917
MA1731.1	39864	0.81830625244467	0.0410031732732599
MA0833.2	39864	0.799521987994338	0.0500761562629301
MA0835.2	39864	0.827807198483734	0.0538373112203295
MA0465.2	39864	0.831603986144248	0.0584003405735346
MA0102.4	39864	0.801890502679403	0.0500582647476548
MA0836.2	39864	0.81508083837477	0.0498215703261735
MA0018.4	39864	0.825226981094348	0.0583903825830272
MA1102.2	39864	0.856919515890675	0.0608066263217124
MA0471.2	39864	0.869555988007581	0.0504387182903075
MA0154.4	39864	0.805497080782017	0.0494165287267654
MA0162.4	39864	0.827893310054106	0.0626477946532957
MA0598.3	39864	0.827729469094992	0.0449208583696664
MA0473.3	39864	0.830917214755666	0.0463563403145849
MA0640.2	39864	0.8441934735762	0.0442287828355502
MA0592.3	39864	0.810780245739193	0.0525644378878883
MA0761.2	39864	0.83862258977826	0.0454725481053639
MA0477.2	39864	0.82007791464931	0.0546141200035497
MA0148.4	39864	0.83162395017287	0.0572579966746232
MA0047.3	39864	0.856114436916266	0.0588888369825206
MA1103.2	39864	0.856937700893218	0.0588876197954494
MA0481.3	39864	0.862915774075903	0.0593955901736195
MA0062.3	39864	0.830585490549758	0.0456175166379252
MA0035.4	39864	0.848862852159068	0.0517797336462113
MA0482.2	39864	0.840334653505396	0.0497699114140702
MA1104.2	39864	0.820905170747675	0.0533475159785547
MA1105.2	39864	0.817355128824716	0.049523478816272
MA0043.3	39864	0.81100414044653	0.0549253384117119
MA0114.4	39864	0.814985413971263	0.0471741648029467
MA0484.2	39864	0.819286710200308	0.0465099623197815
MA0901.2	39864	0.819601711075101	0.0620879931404992
MA0490.2	39864	0.80635616706911	0.0560689818217616
MA0491.2	39864	0.809499528259371	0.0555474261967218
MA0039.4	39864	0.899708419660253	0.0606366075499392
MA1107.2	39864	0.815016348064422	0.0518714712558261
MA0700.2	39864	0.848287038019802	0.0627964539482681
MA0495.3	39864	0.779377630054983	0.0467224400259435
MA0496.3	39864	0.781068283062716	0.0516973210900184
MA0052.4	39864	0.823687101298515	0.0693546536695704
MA0620.3	39864	0.781825439574984	0.0475337936829843
MA1108.2	39864	0.898810935762421	0.060770805232639
MA0499.2	39864	0.852551432789167	0.0455513164930723
MA0500.2	39864	0.856219639396024	0.0583572340395881
MA0056.2	39864	0.84777513430066	0.0454481029960924
MA0089.2	39864	0.766532697284411	0.0441430918761757
MA0025.2	39864	0.813662626243491	0.0590014502976511
MA0502.2	39864	0.826607058127501	0.0511346579118906
MA0063.2	39864	0.869731172758972	0.0474193064605231
MA1112.2	39864	0.855708974526822	0.0503094290040747
MA0679.2	39864	0.771344923640587	0.0680401966612424
MA0712.2	39864	0.868473534039849	0.0553648239136165
MA1113.2	39864	0.810517917695247	0.0593688674640184
MA0681.2	39864	0.762818618610717	0.0735017315521054
MA0782.2	39864	0.801256340837597	0.049272991944414
MA0627.2	39864	0.816156568200527	0.0614353551754892
MA0508.3	39864	0.882042313342623	0.0513946028784529
MA0684.2	39864	0.860810103914306	0.0497443737990506
MA0743.2	39864	0.788693925226009	0.0429711086500598
MA0744.2	39864	0.791146894855614	0.0424042157707578
MA0745.2	39864	0.849366398968653	0.0523710292673696
MA0143.4	39864	0.861092672383562	0.0523431514561019
MA0081.2	39864	0.802222540452417	0.0420417930417686
MA0829.2	39864	0.805493973598326	0.0539412220644977
MA0522.3	39864	0.895463045613265	0.050857413368265
MA0830.2	39864	0.863990765319854	0.0501583491259211
MA0769.2	39864	0.8638939736211	0.0540099350362369
MA0090.3	39864	0.827885260696387	0.0476206797349176
MA0809.2	39864	0.846185117794087	0.0478389576895366
MA0003.4	39864	0.844897085624654	0.0508734492367526
MA0814.2	39864	0.848614230201961	0.0520285238931073
MA1123.2	39864	0.848909993723972	0.0467001539302175
MA0093.3	39864	0.801256829071904	0.0475559765438594
MA0748.2	39864	0.841179441118203	0.0550682689551739
MA0528.2	39864	0.879204911650081	0.0568335535312438
MA0609.2	39864	0.752750708575432	0.0530487262715541
MA1684.1	39864	0.978005081547538	0.0395705133685489
MA1928.1	39864	0.839741418540107	0.0538006344853284
MA1929.1	39864	0.700568465360785	0.0363546416347899
MA1930.1	39864	0.693437538128773	0.0348430039788541
MA1931.1	39864	0.754322026330535	0.0410178086728003
MA1932.1	39864	0.748716238039032	0.0363478543845425
MA1933.1	39864	0.759696020893872	0.0388259400603438
MA1934.1	39864	0.798009336388501	0.0409717506761987
MA1935.1	39864	0.844352133796637	0.0348040518581311
MA1936.1	39864	0.854789796440311	0.0333913469932221
MA1937.1	39864	0.814501755400703	0.0363538472704863
MA1938.1	39864	0.775348045623971	0.0368164488167592
MA1939.1	39864	0.75438788133539	0.0340694369550437
MA1940.1	39864	0.786543127221544	0.0401379371679111
MA1941.1	39864	0.782718782061484	0.0396916241866642
MA1942.1	39864	0.812818311512686	0.0380586290617671
MA1943.1	39864	0.788194452263597	0.0376554375699997
MA1944.1	39864	0.799420739630228	0.0366869098546726
MA1945.1	39864	0.795275638427482	0.0414818226379171
MA1946.1	39864	0.829557836575643	0.0354083525058638
MA1947.1	39864	0.84962817544516	0.0360405911531252
MA1948.1	39864	0.803320120560844	0.0347977584748164
MA1949.1	39864	0.768769662744603	0.0360437892345231
MA1950.1	39864	0.818249349816545	0.0420502684026561
MA1951.1	39864	0.747349099110437	0.0489116133331778
MA1952.1	39864	0.831674509551404	0.039041842695817
MA1953.1	39864	0.822872439383815	0.0398637855458914
MA1954.1	39864	0.818541397871627	0.0423149694884212
MA1955.1	39864	0.813025931902215	0.0420101096928635
MA1956.1	39864	0.802293024969368	0.0407932694599325
MA1957.1	39864	0.76688523799237	0.0395455119580607
MA1958.1	39864	0.746287735605772	0.0383045755130829
MA1959.1	39864	0.931403801258093	0.0638253686833593
MA1960.1	39864	0.815011060502297	0.0451092680942589
MA1961.1	39864	0.900892629080432	0.0678043251287071
MA1962.1	39864	0.762386051106706	0.048112714081175
MA1963.1	39864	0.820546059246793	0.0651960525479932
MA1964.1	39864	0.904822517025437	0.0571328253703532
MA1965.1	39864	0.938947925567337	0.0549526548541681
MA1966.1	39864	0.803337193779089	0.0400609589362501
MA1967.1	39864	0.748112123511408	0.0414978827763694
MA1968.1	39864	0.8304370951833	0.0428352554895177
MA1969.1	39864	0.743075398239867	0.0389629134416202
MA1970.1	39864	0.831906281714053	0.0552383156686918
MA1971.1	39864	0.835125560081364	0.0422537769807901
MA1972.1	39864	0.848231326537748	0.0380897745954387
MA1973.1	39864	0.75708868809444	0.0398883732536198
MA1974.1	39864	0.764077802852148	0.0561099827939076
MA1975.1	39864	0.795122391972785	0.036560326177937
MA1976.1	39864	0.766524482731995	0.0414198279198926
MA1977.1	39864	0.779088007942293	0.0334266794303092
MA1978.1	39864	0.777352312468836	0.0493663711235515
MA1979.1	39864	0.841123169350539	0.0437360782153522
MA1980.1	39864	0.797051194302144	0.036238856649294
MA1981.1	39864	0.814463197757791	0.0489272161912473
MA1982.1	39864	0.809162641363821	0.04266007479402
MA1983.1	39864	0.687819965599677	0.0355635105601405
MA1984.1	39864	0.825746739537649	0.0375570369607913
MA1985.1	39864	0.768534011598112	0.0427789728366509
MA1986.1	39864	0.882716615443715	0.0612803756805473
MA1987.1	39864	0.805409070719983	0.0349272667535486
MA1988.1	39864	0.854386090272698	0.0540979854091079
MA1989.1	39864	0.813356560588834	0.050211566785136
MA1990.1	39864	0.816238699965393	0.0439618829117336
MA1991.1	39864	0.828613424802122	0.042799507794373
MA1992.1	39864	0.830921631092568	0.0435884131555427
MA1993.1	39864	0.897269712150395	0.0622670913569864
MA1994.1	39864	0.842521856142492	0.0527554112711693
MA1995.1	39864	0.841391196994876	0.0471278901368516
MA1996.1	39864	0.896343729303283	0.0619748513025897
MA1997.1	39864	0.898600215884195	0.0640317201418268
MA1998.1	39864	0.824386228067326	0.04404011731042
MA1999.1	39864	0.793226442717014	0.0397409476829066
MA2001.1	39864	0.84631670759146	0.0483363676690177
MA2002.1	39864	0.899732542524943	0.0419980583282079
MA2003.1	39864	0.907189672246199	0.034581676243849
MA0037.4	39864	0.843454045871097	0.0523936981662954
MA0041.2	39864	0.818527609821881	0.0569697415293721
MA0050.3	39864	0.797457031389307	0.0505083240018279
MA0067.2	39864	0.785926589912348	0.0321359918104877
MA0078.2	39864	0.818678540901459	0.047669206512278
MA0079.5	39864	0.916044126624506	0.0728606629133869
MA0080.6	39864	0.791326562690872	0.0436752592218931
MA0087.2	39864	0.834939744580397	0.0440634295398011
MA0095.3	39864	0.845880098029352	0.0534012786161319
MA0136.3	39864	0.870046090643219	0.0451891642141734
MA0152.2	39864	0.823261517794895	0.0515048664906633
MA0156.3	39864	0.818002236967879	0.050183293956143
MA0157.3	39864	0.862043763868343	0.0549501612803913
MA0160.2	39864	0.872972954803494	0.0442826198472589
MA0466.3	39864	0.760792372277773	0.044596610877494
MA0467.2	39864	0.887409731315279	0.0678256529435469
MA0474.3	39864	0.840275796621284	0.0438421129640771
MA0480.2	39864	0.870665052733188	0.0540628932766216
MA0489.2	39864	0.841503624478697	0.0549872263717034
MA0493.2	39864	0.943723998249164	0.0606775735680329
MA0505.2	39864	0.80527142982352	0.0477974450631945
MA0506.2	39864	0.789164502527353	0.0700733485539596
MA0507.2	39864	0.765722559668277	0.0602173221464822
MA0509.3	39864	0.722504986362957	0.047697630353849
MA0514.2	39864	0.872935237268723	0.052178362749568
MA0516.3	39864	0.92387379042316	0.0643823640933941
MA0521.2	39864	0.872233168281403	0.0588701114099936
MA0526.4	39864	0.782661431731471	0.0533850041240813
MA0606.2	39864	0.851327591976826	0.0505887105012469
MA0607.2	39864	0.803077149332624	0.0472903329604216
MA0611.2	39864	0.76786792926799	0.0563046077699723
MA0624.2	39864	0.871739765766561	0.054365621979887
MA0625.2	39864	0.93892042714353	0.0347220959208242
MA0633.2	39864	0.90094999946809	0.0674199279230285
MA0642.2	39864	0.904886718971499	0.0527546872336897
MA0644.2	39864	0.893312409495812	0.0594176596010232
MA0650.3	39864	0.849089235676413	0.0555618960253441
MA0651.2	39864	0.77050302578456	0.0475706613439669
MA0659.3	39864	0.766715461670194	0.0453127286038984
MA0666.2	39864	0.892303952033921	0.0609185229362921
MA0668.2	39864	0.837751893382645	0.0429809379084641
MA0680.2	39864	0.764749685143947	0.069119284597644
MA0685.2	39864	0.926849492067564	0.0656478593784144
MA0690.2	39864	0.81637816068275	0.0425822129545245
MA0693.3	39864	0.876101040653992	0.0532877104471469
MA0697.2	39864	0.840534303343217	0.0505049672366701
MA0707.2	39864	0.923926608588937	0.0565541617022634
MA0708.2	39864	0.896805408808647	0.0581985411362517
MA0723.2	39864	0.933480720460481	0.0407039502933527
MA0734.3	39864	0.830827332784984	0.0441182696260954
MA0740.2	39864	0.928973024348039	0.0617432159748228
MA0742.2	39864	0.911403718162204	0.0710304295679404
MA0754.2	39864	0.79846093378807	0.0536486958993624
MA0756.2	39864	0.821864201962934	0.0503947854627984
MA0759.2	39864	0.824793864623207	0.0547220809015289
MA0764.3	39864	0.85009749657929	0.0505298543599705
MA0765.3	39864	0.824177715333708	0.0536911903904103
MA0768.2	39864	0.81214901713934	0.0470390355752505
MA0784.2	39864	0.750796192243787	0.0565798850148117
MA0798.3	39864	0.724436195302453	0.046710011803271
MA0799.2	39864	0.730066826460423	0.0446797498347536
MA0818.2	39864	0.819830461747511	0.048216893147649
MA0819.2	39864	0.867079956791386	0.0460280098382818
MA0821.2	39864	0.840389098908233	0.0504786594520651
MA0828.2	39864	0.756529944650321	0.0499997610083864
MA0831.3	39864	0.79088405219585	0.0535981825080384
MA0837.2	39864	0.765134870314315	0.0445308333993408
MA0847.3	39864	0.847642551111763	0.051766669813048
MA0865.2	39864	0.82012837268551	0.0418618438527226
MA0869.2	39864	0.86208043691227	0.0439196732387351
MA0877.3	39864	0.865270820526326	0.0510890080062159
MA0878.3	39864	0.8395722944634	0.05466294342837
MA0879.2	39864	0.922316067022237	0.0489140379471605
MA0884.2	39864	0.799475332573933	0.0563354547089073
MA0885.2	39864	0.827479991136437	0.0524592945306135
MA0909.3	39864	0.862780682420756	0.0675062003191863
MA1110.2	39864	0.915580754807202	0.0605192451395675
MA1467.2	39864	0.870622473821731	0.049916397862307
MA1472.2	39864	0.852072157530827	0.049408635499334
MA1476.2	39864	0.829470675431901	0.0533539684304432
MA1483.2	39864	0.833746043424797	0.0426694500784596
MA1487.2	39864	0.8364667530285	0.0530431071323817
MA1491.2	39864	0.748784788372804	0.0386949884795189
MA1498.2	39864	0.919506610869441	0.0466049037963012
MA1511.2	39864	0.919083266822826	0.0667870533057929
MA1518.2	39864	0.75100862061151	0.0482670826671378
MA1524.2	39864	0.810716111053488	0.0421128978111508
MA1525.2	39864	0.886830988979304	0.0504664521570707
MA1532.2	39864	0.772371280116342	0.0377123984616465
MA1547.2	39864	0.88473457896576	0.0582759459320451
MA1563.2	39864	0.93475083471302	0.0441184960351748
MA1566.2	39864	0.837445483991308	0.0439475426910137
MA1567.2	39864	0.844903291667754	0.0436803751986702
MA1573.2	39864	0.760917272451159	0.0543310551004962
MA1601.2	39864	0.804867833164516	0.0407782196383649
MA1630.2	39864	0.882641731057973	0.0668514288872487
MA1633.2	39864	0.828131791031154	0.0537609631501744
MA1647.2	39864	0.786155038340225	0.0406927570437566
MA0597.2	39864	0.866563392936298	0.0522130131586263
MA1540.2	39864	0.768350525197962	0.0482853418548376
