[SHORT TFBS MATRIX]
MA0004.1	39862	0.886964479051095	0.0669679714583626
MA0006.1	39862	0.937778585424694	0.0538246334449747
MA0019.1	39862	0.857293946075305	0.0395240921420897
MA0029.1	39862	0.78992421496961	0.0488396897206072
MA0030.1	39862	0.817263659585211	0.0508812955895563
MA0031.1	39862	0.879191232248376	0.0567510379691883
MA0040.1	39862	0.851997373658563	0.0549341410989637
MA0041.1	39862	0.886332142923844	0.0516084716235952
MA0051.1	39862	0.78284052231859	0.0415230638916539
MA0057.1	39862	0.927875461539096	0.0327353154136145
MA0059.1	39862	0.822912223224332	0.045323706221465
MA0066.1	39862	0.761897910631744	0.0313303763865271
MA0067.1	39862	0.946981767949125	0.0314966236869812
MA0069.1	39862	0.793241630860676	0.0357033401455494
MA0070.1	39862	0.819499644432887	0.0462468449085902
MA0071.1	39862	0.860280862269712	0.0485584762571472
MA0072.1	39862	0.801805400584455	0.0467240024335423
MA0073.1	39862	0.818488444832078	0.0441103494837169
MA0074.1	39862	0.779548350508229	0.0366594237113062
MA0077.1	39862	0.877389656144438	0.0453188283005602
MA0078.1	39862	0.909987649993992	0.0485559680990679
MA0084.1	39862	0.915594940675324	0.0451093625162147
MA0087.1	39862	0.912764633686108	0.0639586082218903
MA0091.1	39862	0.842161934060945	0.0430417509704418
MA0092.1	39862	0.904955668264287	0.033962080945996
MA0101.1	39862	0.894072955865728	0.0383962585997801
MA0107.1	39862	0.853857019249419	0.0472443611719544
MA0108.2	39862	0.854879006594355	0.0446023621038384
MA0109.1	39862	0.960807907153369	0.0163809525762216
MA0111.1	39862	0.886305346924873	0.0288058850855716
MA0115.1	39862	0.701766188792664	0.0413753030699051
MA0116.1	39862	0.846932291353742	0.0396448646670601
MA0119.1	39862	0.766760852367392	0.047987816783762
MA0125.1	39862	0.899066855229501	0.0534955822719471
MA0130.1	39862	0.982335105543697	0.0245238154937464
MA0135.1	39862	0.827757583811894	0.0599989773545349
MA0139.1	39862	0.793408601689634	0.0412984184582142
MA0142.1	39862	0.787404778302926	0.046452143482788
MA0149.1	39862	0.714121369718354	0.054187701298527
MA0138.2	39862	0.708129731071209	0.0385698837079088
MA0002.2	39862	0.877670721148471	0.0390288582876317
MA0065.2	39862	0.830738768215031	0.0345418955686803
MA0151.1	39862	0.947907547599237	0.0651898619812986
MA0152.1	39862	0.937585335285423	0.0446278399755478
MA0155.1	39862	0.873615047769782	0.0383174972783356
MA0159.1	39862	0.815466367413148	0.0321067936249956
MA0160.1	39862	0.922479088768685	0.0360625371658459
MA0163.1	39862	0.819302102495941	0.0463321365755578
MA0164.1	39862	0.870795102492125	0.0620754366230174
MA0259.1	39862	0.913773163033766	0.0524130370508988
MA0146.2	39862	0.878219446835842	0.0594440396502064
MA0467.1	39862	0.848720783277432	0.0414738289320042
MA0468.1	39862	0.841602899815169	0.0514094250131216
MA0476.1	39862	0.857154079838545	0.0520097079447718
MA0478.1	39862	0.858324614131952	0.0504082289806731
MA0479.1	39862	0.857584690338782	0.0490357495795016
MA0480.1	39862	0.867926085589098	0.0459450728749946
MA0483.1	39862	0.870669304385924	0.0435638161647781
MA0488.1	39862	0.826983640311988	0.0472317691940363
MA0489.1	39862	0.834891419343223	0.0465531780507323
MA0492.1	39862	0.826531841413512	0.0465639263619938
MA0493.1	39862	0.883864363606946	0.045446319917435
MA0494.1	39862	0.818624836649396	0.0333316659369075
MA0497.1	39862	0.85158760962989	0.0546065169254797
MA0501.1	39862	0.774376498556116	0.0425003050026106
MA0503.1	39862	0.879388757972695	0.0374398532663045
MA0504.1	39862	0.840318785254227	0.0350635965965
MA0505.1	39862	0.80889971240456	0.0445236406908171
MA0506.1	39862	0.854647744483936	0.0629556838538918
MA0507.1	39862	0.827481607469103	0.058742096037117
MA0513.1	39862	0.833171760712141	0.0420704594624086
MA0514.1	39862	0.905392169395935	0.0404339097605916
MA0515.1	39862	0.896064402027537	0.0443882943085282
MA0517.1	39862	0.817452901494393	0.0455436096991983
MA0518.1	39862	0.860736285221341	0.0430954571084232
MA0519.1	39862	0.877043596830549	0.0436428023099454
MA0520.1	39862	0.843201840198241	0.0452119781891341
MA0521.1	39862	0.887728192465818	0.0500968146445445
MA0523.1	39862	0.845359638476721	0.041946315143134
MA0527.1	39862	0.785611939825825	0.0497223125380519
MA0076.2	39862	0.86718240154247	0.047743773300553
MA0258.2	39862	0.821700881300481	0.0376692022683923
MA0050.2	39862	0.786953249374959	0.0501379586063794
MA0150.2	39862	0.773649035799423	0.0421187602373034
MA0137.3	39862	0.857343772123861	0.0481763916544164
MA0144.2	39862	0.886046055294439	0.0418584097354847
MA0140.2	39862	0.795535402905927	0.0440110378642283
MA0095.2	39862	0.82529879840154	0.0490789134216563
MA0591.1	39862	0.789260451728004	0.039885469301189
MA0593.1	39862	0.870011661824362	0.0537248911798027
MA0595.1	39862	0.880422679907317	0.0430152232582964
MA0596.1	39862	0.865554912638033	0.0452512237091096
MA0597.1	39862	0.93480289368228	0.0267623049293102
MA0599.1	39862	0.941873106526248	0.0514166485135506
MA0601.1	39862	0.855994026244155	0.0700811095936988
MA0602.1	39862	0.834525853804415	0.0606423580216486
MA0603.1	39862	0.843630763209427	0.0525325218289784
MA0604.1	39862	0.86031116655555	0.0516177707123821
MA0606.1	39862	0.904677508380366	0.0408757352854321
MA0607.1	39862	0.890047452991413	0.0497919821216592
MA0608.1	39862	0.854931877769507	0.0483196941681691
MA0610.1	39862	0.829906683637219	0.0564480770215105
MA0611.1	39862	0.886908621475082	0.0644706331118308
MA0613.1	39862	0.875030535013885	0.0650349021665991
MA0614.1	39862	0.89923576307425	0.0562552876713068
MA0615.1	39862	0.831675612815269	0.0396004574236501
MA0618.1	39862	0.889083507663246	0.0548803879336533
MA0619.1	39862	0.905533256385155	0.0666761777589654
MA0621.1	39862	0.825764054019913	0.0769783221490355
MA0622.1	39862	0.85494614693483	0.0608503149816318
MA0624.1	39862	0.911440930964711	0.0413254188939046
MA0625.1	39862	0.895580340822485	0.0446838128994238
MA0626.1	39862	0.870937025225314	0.049845722703695
MA0628.1	39862	0.827495482447382	0.0672461537503738
MA0629.1	39862	0.821571064889623	0.0373922266194747
MA0630.1	39862	0.90744366653808	0.0597977711266095
MA0631.1	39862	0.767065076663413	0.0444761957573349
MA0633.1	39862	0.846336042657087	0.0557691648315192
MA0634.1	39862	0.876374569403694	0.0550639476638831
MA0007.3	39862	0.750138079700251	0.040532442681793
MA0635.1	39862	0.898412521285081	0.0417728720015156
MA0636.1	39862	0.802417030185057	0.052485302255339
MA0637.1	39862	0.798591041006351	0.0338967725663956
MA0638.1	39862	0.780108168258809	0.0408851503134167
MA0639.1	39862	0.818161945477424	0.0534164924559018
MA0641.1	39862	0.797568986637982	0.0457230244799178
MA0136.2	39862	0.882221528694768	0.0367642617087711
MA0027.2	39862	0.906985091920558	0.0525650351800866
MA0642.1	39862	0.893454111591736	0.0401890035999543
MA0643.1	39862	0.850932616609952	0.0474446548233437
MA0644.1	39862	0.886423564441281	0.051894893936807
MA0645.1	39862	0.868238383751659	0.046048970789423
MA0475.2	39862	0.846576743779539	0.0464560537117392
MA0042.2	39862	0.893818596163331	0.0573902415000476
MA0033.2	39862	0.927355711884525	0.0550120737806263
MA0157.2	39862	0.866617923022986	0.0566283064421763
MA0646.1	39862	0.823943863587553	0.0382602881255897
MA0647.1	39862	0.784426221842573	0.048066246569876
MA0648.1	39862	0.874669910627186	0.0481539357987864
MA0649.1	39862	0.837286408639565	0.0515451003420532
MA0131.2	39862	0.831779775932099	0.0521798820601456
MA0046.2	39862	0.781025443349272	0.0592473129295298
MA0153.2	39862	0.770175948909098	0.0594954644211993
MA0651.1	39862	0.828438892384722	0.0482302025696614
MA0486.2	39862	0.772281946633735	0.0502694120753786
MA0652.1	39862	0.743733220151738	0.0435667771124314
MA0653.1	39862	0.720225217672456	0.0455493057838502
MA0654.1	39862	0.891786417232565	0.067688841615644
MA0655.1	39862	0.810135665073846	0.0555049529810017
MA0656.1	39862	0.768047195712958	0.0537265682024874
MA0657.1	39862	0.754886141867126	0.0398516680759262
MA0658.1	39862	0.847821570736254	0.0537760335374526
MA0660.1	39862	0.802998730003731	0.066152403770816
MA0661.1	39862	0.874604226555911	0.0517846386271854
MA0662.1	39862	0.900763550267079	0.0536366503223214
MA0663.1	39862	0.802912273327099	0.0500262888038982
MA0664.1	39862	0.825862247333658	0.0483473503768714
MA0665.1	39862	0.835633457012954	0.0431010286799711
MA0666.1	39862	0.901441770161673	0.0539175452917979
MA0667.1	39862	0.822222170269747	0.0476935497973204
MA0668.1	39862	0.874443562360648	0.0355566536709846
MA0669.1	39862	0.825257053071085	0.0459104155034531
MA0670.1	39862	0.87705223818474	0.0661417975115826
MA0671.1	39862	0.950014269591298	0.028600666925431
MA0048.2	39862	0.849664409205048	0.0498906103020625
MA0672.1	39862	0.893214179838341	0.0407545361632698
MA0673.1	39862	0.922582509006162	0.0332109603917007
MA0674.1	39862	0.907681787722	0.0557995528202857
MA0675.1	39862	0.916542737122187	0.0554393655320081
MA0676.1	39862	0.87220681707182	0.0485309931213479
MA0677.1	39862	0.769700460494607	0.0415011611053918
MA0678.1	39862	0.828743632261519	0.0473763002768741
MA0068.2	39862	0.862382851075722	0.0553558424916246
MA0680.1	39862	0.77227029773038	0.0662885528596044
MA0683.1	39862	0.732828857800468	0.0571793232570127
MA0512.2	39862	0.749548800898536	0.0432131305409426
MA0685.1	39862	0.804381002175768	0.0555908806493767
MA0686.1	39862	0.819397602598977	0.0422208823212085
MA0687.1	39862	0.830380330719797	0.0393249574708963
MA0083.3	39862	0.715791704517351	0.0447296989459768
MA0009.2	39862	0.728960048743778	0.039836966868723
MA0688.1	39862	0.850517650416364	0.0400556099058923
MA0689.1	39862	0.832277058401503	0.0415107410621255
MA0690.1	39862	0.833607531843231	0.0448474309377036
MA0691.1	39862	0.828823121242001	0.050441295062019
MA0145.3	39862	0.830576091251514	0.0427399424270926
MA0692.1	39862	0.848466331967227	0.0470782182250087
MA0694.1	39862	0.816350693427803	0.0431622973516355
MA0695.1	39862	0.840934390493842	0.0389669286776025
MA0696.1	39862	0.788146990851838	0.0449188204205377
MA0697.1	39862	0.799715575663524	0.0429329431125187
MA0698.1	39862	0.825851667647645	0.0454073151197913
MA0699.1	39862	0.884816170674073	0.050135818339103
MA0704.1	39862	0.895043985412423	0.0531295333785665
MA0705.1	39862	0.901075700402588	0.0525161648202659
MA0706.1	39862	0.881619793185712	0.0509705446477199
MA0707.1	39862	0.900001949578623	0.0512836337076603
MA0708.1	39862	0.884245229170465	0.0598446018974245
MA0709.1	39862	0.893877700696009	0.0639401742803619
MA0710.1	39862	0.892315714082246	0.0499410194645999
MA0124.2	39862	0.869149729148751	0.0452528138346236
MA0711.1	39862	0.901969638993162	0.0522022929063251
MA0132.2	39862	0.912738803488889	0.0609227929166771
MA0713.1	39862	0.821999119202452	0.0624522176830323
MA0714.1	39862	0.894741449458443	0.0488297116181177
MA0715.1	39862	0.799981556169839	0.0690200124918639
MA0716.1	39862	0.900273632032368	0.0612352071837776
MA0717.1	39862	0.903826305551519	0.0571528635346875
MA0718.1	39862	0.884320399179157	0.0563690143659709
MA0719.1	39862	0.970248960400904	0.0231958604292528
MA0720.1	39862	0.900460063842906	0.0616068984112284
MA0721.1	39862	0.902338795095703	0.0587956478657425
MA0722.1	39862	0.900940101775791	0.0532928664711991
MA0723.1	39862	0.897763824485406	0.052300307537105
MA0724.1	39862	0.864666561413463	0.0527452159507197
MA0725.1	39862	0.888831836412629	0.0625553040722924
MA0726.1	39862	0.873835360831175	0.0640673705074428
MA0112.3	39862	0.740704647138818	0.0415497496374442
MA0141.3	39862	0.80831425595052	0.0523176752572963
MA0017.2	39862	0.84525534545792	0.0507670076286898
MA0113.3	39862	0.753456856532569	0.0430082350745862
MA0727.1	39862	0.749599286616036	0.0432669726758886
MA0728.1	39862	0.750250567927924	0.0514566154746493
MA0729.1	39862	0.726937162187699	0.0422058698456233
MA0730.1	39862	0.734435428595586	0.0387958059519002
MA0731.1	39862	0.696487067711522	0.0412518157204211
MA0472.2	39862	0.821390158082305	0.0489178753482735
MA0732.1	39862	0.794005218806121	0.0565065572122898
MA0733.1	39862	0.794018224145773	0.0449372074631049
MA0735.1	39862	0.718795917367361	0.0415332088269414
MA0736.1	39862	0.802225683277575	0.0419185378412506
MA0737.1	39862	0.761159918385929	0.0385068564479401
MA0738.1	39862	0.92759445004763	0.0358490539913069
MA0739.1	39862	0.889603247067944	0.0385154055921013
MA0740.1	39862	0.831674444249673	0.052338810852046
MA0741.1	39862	0.885593532117193	0.0582827634725676
MA0742.1	39862	0.826340968829641	0.0461126548416495
MA0747.1	39862	0.885137274037139	0.0455457861321705
MA0749.1	39862	0.724750793609371	0.0396568291709677
MA0751.1	39862	0.819721590247249	0.0408394322620814
MA0088.2	39862	0.769895200100385	0.0388149043867065
MA0752.1	39862	0.711231216961913	0.0427628766424087
MA0754.1	39862	0.820782934706704	0.0595698803488039
MA0755.1	39862	0.804479116659689	0.0583419334385709
MA0756.1	39862	0.777862559727819	0.0593639426931656
MA0757.1	39862	0.777038782598806	0.0630752797158411
MA0758.1	39862	0.719385703155278	0.0453685972270356
MA0759.1	39862	0.843257853223019	0.0482478117154086
MA0760.1	39862	0.847652315217532	0.0439334552421679
MA0474.2	39862	0.865857721010631	0.0434904724662411
MA0098.3	39862	0.863372982844359	0.0442113285513437
MA0762.1	39862	0.82593928454118	0.0430628524668816
MA0763.1	39862	0.851824314642483	0.0415849468259641
MA0156.2	39862	0.857405541813286	0.0451189144812406
MA0767.1	39862	0.854941257389949	0.0383135027613141
MA0768.1	39862	0.779384211529602	0.0447577646560321
MA0770.1	39862	0.785578837936808	0.0489338115483224
MA0771.1	39862	0.81022558061881	0.0451252945540417
MA0772.1	39862	0.796677967136977	0.0472964216792201
MA0773.1	39862	0.81531217417479	0.0684784619133492
MA0498.2	39862	0.957444242479786	0.0407771104401534
MA0774.1	39862	0.892971026924838	0.0496909313170642
MA0775.1	39862	0.917694769642028	0.0436103719119506
MA0776.1	39862	0.769340312159185	0.0421971460039436
MA0777.1	39862	0.736113165961928	0.0396861603457803
MA0105.4	39862	0.751770561388381	0.0523752722910813
MA0778.1	39862	0.784832308050513	0.0524451191379348
MA0779.1	39862	0.765479805523099	0.03210003635027
MA0780.1	39862	0.782661983906972	0.0667545397306159
MA0781.1	39862	0.742347735542911	0.0352523551516139
MA0783.1	39862	0.757001382645336	0.0484521063685523
MA0784.1	39862	0.780791739988841	0.0579053659258748
MA0785.1	39862	0.826869581336251	0.0578538743728792
MA0786.1	39862	0.826744563181731	0.060557594768711
MA0787.1	39862	0.8157342427564	0.06017861532428
MA0788.1	39862	0.810945686544692	0.059298923032634
MA0789.1	39862	0.838456192686647	0.0643623128549776
MA0790.1	39862	0.782543924724181	0.0633899881053561
MA0791.1	39862	0.760520148258862	0.0615462303150067
MA0792.1	39862	0.859492929643767	0.0589882292952232
MA0793.1	39862	0.846054406645489	0.055736665697156
MA0794.1	39862	0.784841683409346	0.0410062986677285
MA0600.2	39862	0.740561436930468	0.0457515598789198
MA0795.1	39862	0.782855775227447	0.0461647059414795
MA0796.1	39862	0.732154454573456	0.0509968977397291
MA0797.1	39862	0.76302959267123	0.0467185969067205
MA0799.1	39862	0.790162998291396	0.0412274188622768
MA0510.2	39862	0.733382524409311	0.0463843014331687
MA0511.2	39862	0.857353119305087	0.0443962154883165
MA0800.1	39862	0.8185572975307	0.0424295507862479
MA0801.1	39862	0.891773671973304	0.0487218094387254
MA0802.1	39862	0.836494800942335	0.0450121680281522
MA0803.1	39862	0.871816614094918	0.0534200599155469
MA0804.1	39862	0.711912223527201	0.0386631993218883
MA0805.1	39862	0.871799002405896	0.0536278686583097
MA0806.1	39862	0.896238242779295	0.0458530348901376
MA0807.1	39862	0.902879328130075	0.042530024672359
MA0808.1	39862	0.905638366543921	0.0488617977293199
MA0810.1	39862	0.887244922301148	0.0451047251477701
MA0811.1	39862	0.87275223929709	0.0440666328944907
MA0812.1	39862	0.872874786674053	0.0483655703094628
MA0813.1	39862	0.833870520229092	0.0529369027205456
MA0524.2	39862	0.868966824223609	0.0439418051828724
MA0815.1	39862	0.826896426298235	0.0554344429041957
MA0816.1	39862	0.860976262140654	0.0480669003247414
MA0461.2	39862	0.855861548241164	0.0445623589519691
MA0464.2	39862	0.836477802671128	0.0541287989390851
MA0817.1	39862	0.799134114839856	0.0509493720662531
MA0818.1	39862	0.827716437771729	0.0483647940117506
MA0819.1	39862	0.835778785938052	0.0427886656219411
MA0820.1	39862	0.894602778905714	0.0436487043197343
MA0821.1	39862	0.772611200068821	0.0519706926132165
MA0822.1	39862	0.754908766492912	0.0542289501496802
MA0823.1	39862	0.828418611271966	0.0568756474431449
MA0058.3	39862	0.85151756008059	0.0530767667640187
MA0825.1	39862	0.862599573304731	0.0510618396796647
MA0826.1	39862	0.81147391207516	0.050515546138987
MA0827.1	39862	0.850991544707864	0.0431378125050378
MA0828.1	39862	0.812484492996899	0.0505800690338797
MA0832.1	39862	0.766072791231385	0.0462591602715316
MA0834.1	39862	0.756553272027979	0.0527792125115168
MA0466.2	39862	0.844352286704577	0.0437358058348696
MA0837.1	39862	0.852170640301831	0.0423009165040641
MA0838.1	39862	0.807449363665327	0.0461336878846827
MA0839.1	39862	0.756790417871808	0.0400901837319295
MA0840.1	39862	0.787711182059757	0.0537588638104436
MA0117.2	39862	0.843422990359092	0.0420475446825416
MA0841.1	39862	0.792622088446988	0.0516635715786492
MA0843.1	39862	0.807245401791929	0.0527271857955265
MA0844.1	39862	0.775040122696206	0.0397219195804536
MA0845.1	39862	0.84422634731345	0.0578803613375451
MA0032.2	39862	0.873099057495132	0.0552405258121139
MA0846.1	39862	0.867184830837596	0.0562045267400561
MA0848.1	39862	0.911962689610796	0.0526946782633857
MA0849.1	39862	0.897217322115391	0.0569023169756054
MA0850.1	39862	0.940088147147793	0.0381074558780987
MA0851.1	39862	0.826644917669309	0.0546332048617421
MA0853.1	39862	0.779564844763869	0.0501430866694126
MA0854.1	39862	0.784813923404006	0.0524922961988792
MA0855.1	39862	0.746444999550454	0.0433349823393154
MA0856.1	39862	0.756699935793963	0.0425127939161539
MA0857.1	39862	0.720546882427556	0.0472451602242186
MA0858.1	39862	0.727612982086278	0.0402338355490734
MA0859.1	39862	0.741964771863756	0.0505031292000425
MA0860.1	39862	0.725384732575911	0.0444038885645064
MA0525.2	39862	0.723203129865409	0.0379668799160224
MA0106.3	39862	0.732076293851788	0.0361647839293439
MA0861.1	39862	0.767248250923197	0.0385224098138957
MA0862.1	39862	0.83818936202784	0.0467546913530889
MA0863.1	39862	0.747984172876914	0.0379074208755815
MA0024.3	39862	0.787467158186233	0.0428671992511776
MA0865.1	39862	0.757626791165768	0.0449635411728249
MA0866.1	39862	0.730541736468182	0.0509237290042117
MA0869.1	39862	0.69768419916357	0.0535943177928741
MA0870.1	39862	0.7305644454177	0.0509551942439307
MA0872.1	39862	0.821884209014457	0.056741145346816
MA0028.2	39862	0.821223961681167	0.0532657384784396
MA0873.1	39862	0.818159968105733	0.046100640442557
MA0874.1	39862	0.772518121162484	0.0499235799410317
MA0875.1	39862	0.924973866796099	0.0512561485526619
MA0876.1	39862	0.927960752415901	0.0485998829172555
MA0879.1	39862	0.903842238623449	0.0516917650293976
MA0880.1	39862	0.914545540972372	0.058339576545679
MA0881.1	39862	0.914160442484537	0.056215349620333
MA0882.1	39862	0.913672436928042	0.0572272866582798
MA0883.1	39862	0.818616955828867	0.0426675861670325
MA0884.1	39862	0.823406210421275	0.051531406298387
MA0885.1	39862	0.909829823043059	0.0654965888153676
MA0886.1	39862	0.869515124826835	0.054792368121196
MA0887.1	39862	0.892294033606575	0.0447734018513024
MA0888.1	39862	0.889470703443211	0.0454137710071883
MA0889.1	39862	0.858947811222749	0.0554649823777228
MA0890.1	39862	0.877493450545004	0.0588142277325682
MA0891.1	39862	0.887628263536447	0.0426738220175663
MA0892.1	39862	0.901936383737042	0.0438047230595456
MA0894.1	39862	0.874757706080788	0.0605432193408095
MA0895.1	39862	0.865725325156295	0.0450480017478886
MA0896.1	39862	0.791555582345224	0.0426503263264544
MA0897.1	39862	0.773088952718347	0.0466754362469654
MA0898.1	39862	0.771394433689268	0.0467216539998023
MA0899.1	39862	0.869640702245759	0.0542450788006743
MA0903.1	39862	0.914473753722515	0.0487666126963479
MA0905.1	39862	0.868442060653799	0.0501002548629012
MA0906.1	39862	0.811879038167916	0.0475835559368132
MA0907.1	39862	0.818075383708495	0.0488870169202973
MA0908.1	39862	0.853149617086273	0.0496910047997109
MA0911.1	39862	0.832436183464606	0.0441909935272941
MA0914.1	39862	0.903744054795244	0.0438966439504369
MA0852.2	39862	0.829967239592207	0.0478702670093127
MA0036.3	39862	0.862819437171805	0.0557626316226695
MA1106.1	39862	0.855892807100477	0.0559271331421242
MA0147.3	39862	0.831132363813652	0.0539987767837229
MA0100.3	39862	0.891301746951788	0.0578379485563994
MA0104.4	39862	0.810718767829375	0.0531391451614219
MA1109.1	39862	0.851633186951258	0.0447885437612956
MA0161.2	39862	0.866356248973393	0.0487777934234271
MA0060.3	39862	0.844589400440525	0.0558297010918036
MA1110.1	39862	0.828773456998018	0.0484676302314622
MA1111.1	39862	0.862214794332928	0.0507353980888397
MA0014.3	39862	0.834383764822855	0.0456927236830272
MA1114.1	39862	0.783956805328522	0.0460209481352594
MA1115.1	39862	0.859546022380115	0.0604875161030203
MA1116.1	39862	0.921873319584351	0.0588300135811085
MA1117.1	39862	0.852265136648965	0.0442581349442138
MA1118.1	39862	0.820975452674297	0.0453543418830935
MA1119.1	39862	0.768556311556321	0.042409544273567
MA0442.2	39862	0.888715234710286	0.0552456574690319
MA1120.1	39862	0.868116927483458	0.054696599887474
MA1121.1	39862	0.835881950701777	0.046071532622151
MA1122.1	39862	0.864266520406139	0.0594815064907989
MA0750.2	39862	0.84305226825636	0.0512411626443678
MA0103.3	39862	0.903975011777305	0.0553704010404795
MA1124.1	39862	0.752521811943	0.0621056917407015
MA1125.1	39862	0.883042464053953	0.0925510653126376
MA1154.1	39862	0.762377760277226	0.0370431425311413
MA1155.1	39862	0.758689640625678	0.0425259161844738
MA0037.3	39862	0.904869556873527	0.0550619226085144
MA0099.3	39862	0.845534329323157	0.0485677487819201
MA1126.1	39862	0.775528025012557	0.0436692203391569
MA1127.1	39862	0.783845407805948	0.051852510091388
MA1128.1	39862	0.832973560104151	0.048526925071528
MA1129.1	39862	0.795902208968896	0.0514116548342231
MA1130.1	39862	0.840154177181532	0.0486398825490758
MA1131.1	39862	0.807103751416548	0.0504019863732056
MA1132.1	39862	0.848285216761237	0.0444129038703555
MA1133.1	39862	0.798035075930085	0.0485255401023299
MA1134.1	39862	0.825654322891743	0.0500512426838871
MA1135.1	39862	0.841609923811349	0.0510194618970738
MA1136.1	39862	0.8087966746478	0.0498450545430455
MA1137.1	39862	0.830611360293168	0.0469229721486317
MA1138.1	39862	0.838117628458916	0.0528140628639539
MA1139.1	39862	0.77980445795296	0.0534457539793169
MA1141.1	39862	0.825263488002341	0.0487723772485154
MA1142.1	39862	0.866517448565552	0.0447134452597086
MA1143.1	39862	0.836903583961476	0.045716023759597
MA1144.1	39862	0.837567712220136	0.0507907120163511
MA1145.1	39862	0.784062152192998	0.0492155803754021
MA1146.1	39862	0.779561676533117	0.0340999140636951
MA1147.1	39862	0.793479369102922	0.0346037443036412
MA1148.1	39862	0.781681140714297	0.0336568998158
MA1149.1	39862	0.808745448677928	0.0356239820482621
MA1150.1	39862	0.857756211836721	0.0411815987595481
MA1151.1	39862	0.861060326555175	0.0388269974063241
MA1152.1	39862	0.909664562574839	0.0460079734363497
MA0831.2	39862	0.880731032509647	0.0496438805215744
MA0693.2	39862	0.915346356645429	0.0471975719050375
MA1153.1	39862	0.888933284775093	0.0569505314582782
MA1418.1	39862	0.732913156459897	0.0406324172003066
MA1419.1	39862	0.727735450565	0.0420918887198145
MA1420.1	39862	0.770334927997347	0.0373758531249208
MA1421.1	39862	0.800892868302137	0.0452068177912969
MA1463.1	39862	0.830455628667582	0.0676689176963432
MA1464.1	39862	0.830610206434876	0.0546573059271421
MA1466.1	39862	0.755742179845148	0.0410534773672593
MA1467.1	39862	0.854300765593141	0.0438188697140242
MA1468.1	39862	0.875492007702229	0.0372689808197173
MA1101.2	39862	0.743423657206354	0.0448570213805086
MA1470.1	39862	0.723443083036824	0.0386213611312253
MA1471.1	39862	0.864446308480955	0.0572181026645021
MA1472.1	39862	0.89713329603065	0.0406690703575865
MA1473.1	39862	0.83593601442976	0.0547178288175104
MA1474.1	39862	0.812213590203696	0.0420026821570823
MA1475.1	39862	0.799727425903042	0.0473887380129686
MA1476.1	39862	0.88636992768959	0.073597131752676
MA1478.1	39862	0.840632516907965	0.0458899211667794
MA1479.1	39862	0.812639546205935	0.0485414017169847
MA1480.1	39862	0.841885520916476	0.0470050449261498
MA1481.1	39862	0.906373956056456	0.0596471607143644
MA1483.1	39862	0.806860335524881	0.0452093162392095
MA1484.1	39862	0.864031798699139	0.0455697828418214
MA1485.1	39862	0.788373665023349	0.0432174780701603
MA1487.1	39862	0.817757806476156	0.0502323937570021
MA1489.1	39862	0.813537955948021	0.0749393258791635
MA1491.1	39862	0.80219446735537	0.0403298472515911
MA1493.1	39862	0.824441889520531	0.0425945319905013
MA1494.1	39862	0.753852038509854	0.0405054315823281
MA1495.1	39862	0.907706093561184	0.0471113563263407
MA1496.1	39862	0.927338615426728	0.0418022005033889
MA1497.1	39862	0.881918770856597	0.0438987828485341
MA1498.1	39862	0.914604002042552	0.0485896923021231
MA1499.1	39862	0.904267531047776	0.0639126098408441
MA1500.1	39862	0.922033065085851	0.0435559674356664
MA1501.1	39862	0.868200851181183	0.0444704419741666
MA1502.1	39862	0.909832027951872	0.0532998891692379
MA1503.1	39862	0.827980734293896	0.0509614357775651
MA1504.1	39862	0.928568777837644	0.0574141316092325
MA1505.1	39862	0.90996547141657	0.0451606386734144
MA1506.1	39862	0.810345015440435	0.047919424450929
MA1507.1	39862	0.922348987370449	0.0618652176965116
MA1508.1	39862	0.860244488172214	0.0452220024353272
MA1509.1	39862	0.820037560158736	0.0441805121296049
MA1511.1	39862	0.877175887703464	0.0484723758185356
MA1512.1	39862	0.880064952697637	0.0541295117409154
MA1513.1	39862	0.875146169153248	0.0888586938784066
MA1514.1	39862	0.801248801627501	0.0466436403265086
MA1515.1	39862	0.912830643343742	0.0535753090906402
MA1516.1	39862	0.863773786685301	0.0554287696256786
MA1517.1	39862	0.89855558287931	0.0518383858184528
MA1518.1	39862	0.920123035939082	0.041952117765548
MA1519.1	39862	0.879612934114804	0.0675765356116049
MA1520.1	39862	0.773203376491438	0.0367530103246028
MA1521.1	39862	0.781175749215381	0.0372259229051857
MA1522.1	39862	0.897958300548458	0.0679592879493727
MA1523.1	39862	0.87589166388354	0.0400358212327724
MA1524.1	39862	0.871571072672401	0.0443320838249006
MA1525.1	39862	0.894792238389108	0.0464612274235998
MA1527.1	39862	0.768151143092874	0.0474361892010207
MA1528.1	39862	0.779062579022981	0.0458120821943615
MA1529.1	39862	0.751756225230241	0.0445594584190811
MA1530.1	39862	0.894567459580761	0.051671236774252
MA1531.1	39862	0.798836242353951	0.0390814087239752
MA1532.1	39862	0.823742754060916	0.0323046945614329
MA1533.1	39862	0.803857131122642	0.0316315546694096
MA1534.1	39862	0.877393026474381	0.0465381015428302
MA1535.1	39862	0.943816747331935	0.0482701974746862
MA1536.1	39862	0.969668916058882	0.0269543341924755
MA1537.1	39862	0.777119732490379	0.0399893548045059
MA1538.1	39862	0.758688214577025	0.0406312950247379
MA1539.1	39862	0.745167834554632	0.0415866453315151
MA1540.1	39862	0.873378669869805	0.045453874067049
MA1541.1	39862	0.775768864495462	0.0388243920662678
MA1542.1	39862	0.85767646374228	0.041848719873064
MA1544.1	39862	0.777533177926905	0.0450642975981694
MA1545.1	39862	0.811726399174091	0.0430667226099616
MA1546.1	39862	0.771881776414139	0.0336772664382348
MA1547.1	39862	0.904450462751371	0.0665081987222288
MA1548.1	39862	0.867385737321038	0.0628405018826106
MA1549.1	39862	0.872716167568863	0.049718274772173
MA1550.1	39862	0.777744452736568	0.0387198638916367
MA1552.1	39862	0.77762331300757	0.0374782535080573
MA1553.1	39862	0.766905263871101	0.0385834862072196
MA1554.1	39862	0.901774787799435	0.0334091056608535
MA1555.1	39862	0.787236539432843	0.0389672259957797
MA1556.1	39862	0.783223977583165	0.040868943534814
MA1557.1	39862	0.806565731652271	0.0419941014934539
MA1558.1	39862	0.905913386864656	0.0506225099100936
MA1559.1	39862	0.86706315446031	0.0498045238508874
MA1560.1	39862	0.824890922262303	0.0536474049440985
MA1561.1	39862	0.795731483584667	0.0433353664270197
MA1562.1	39862	0.812488932995056	0.0467776296499779
MA1563.1	39862	0.938971284546913	0.028353784577368
MA1564.1	39862	0.880015386932733	0.0572226352229634
MA1565.1	39862	0.844308442290261	0.0406949218557574
MA1566.1	39862	0.905348061894736	0.0341817279909763
MA1567.1	39862	0.881935497885825	0.0389968336475016
MA1568.1	39862	0.833915882062263	0.0363089183018918
MA1569.1	39862	0.89410133205722	0.0557521258891549
MA1570.1	39862	0.890986962961223	0.0392026301844541
MA1571.1	39862	0.777372064634647	0.0431492291549681
MA1572.1	39862	0.783961690103888	0.0422896280801234
MA1573.1	39862	0.738661034535181	0.0522287948684924
MA1574.1	39862	0.819284591560995	0.034959360505075
MA1575.1	39862	0.758563310259378	0.0395545969440781
MA1576.1	39862	0.759670053439165	0.0348081073717745
MA1577.1	39862	0.901347845899725	0.0699122217297247
MA1578.1	39862	0.889074121088555	0.054675718972635
MA1579.1	39862	0.860996811484551	0.0498193689847407
MA1580.1	39862	0.820524870521136	0.0553762455627578
MA1581.1	39862	0.854824222767744	0.0501554005417454
MA1583.1	39862	0.839414081477129	0.048147399865443
MA1584.1	39862	0.786743669452819	0.0449883046408812
MA1585.1	39862	0.822390715323467	0.0502626243755094
MA1587.1	39862	0.823496430041098	0.0642500938823905
MA1588.1	39862	0.759990819001323	0.0397523969732466
MA1589.1	39862	0.710235961419702	0.03677572935132
MA1592.1	39862	0.799445733022047	0.0371290811921842
MA1593.1	39862	0.826905698143512	0.0458295316420709
MA1594.1	39862	0.701600592647765	0.0307331714335005
MA1596.1	39862	0.820872214284146	0.0879081422427613
MA1597.1	39862	0.728295324296803	0.0395807202034756
MA1599.1	39862	0.784019391586897	0.0499214769003744
MA1600.1	39862	0.746173679996754	0.0351439256757205
MA1601.1	39862	0.868867892705577	0.0508230406955753
MA1602.1	39862	0.806785234334905	0.0415316512797504
MA1603.1	39862	0.797382735042568	0.0489037877977315
MA1604.1	39862	0.824730504618192	0.0519071453676574
MA1606.1	39862	0.861948665103591	0.0610976131209671
MA1607.1	39862	0.822436985511689	0.0565355801358543
MA1608.1	39862	0.856991217474925	0.0524117450155298
MA1615.1	39862	0.847132877782115	0.0562384914980917
MA1616.1	39862	0.801577683507764	0.0417990323558347
MA1618.1	39862	0.852164139754224	0.0483804001619051
MA1619.1	39862	0.856476735612187	0.0526886240367789
MA1620.1	39862	0.867868112355865	0.0507111683738703
MA1621.1	39862	0.864201761541081	0.0494425695453159
MA1622.1	39862	0.829283915437818	0.0540578216131987
MA1623.1	39862	0.835363127637892	0.0551755565641619
MA1624.1	39862	0.839456131441814	0.0513782949131207
MA1625.1	39862	0.824759715815562	0.0524028045404573
MA1627.1	39862	0.847156902543739	0.0560489051280301
MA1628.1	39862	0.889416942203268	0.0518265372308342
MA1629.1	39862	0.826516423845709	0.0476677659064638
MA1630.1	39862	0.843203075758515	0.0606397863248358
MA1100.2	39862	0.897068536568027	0.0438292991988023
MA0605.2	39862	0.767132492100155	0.0559244850645635
MA0877.2	39862	0.915751520175082	0.0392448315842668
MA0462.2	39862	0.829300565350895	0.0546878354731101
MA0463.2	39862	0.765731456667979	0.0397967226108806
MA0878.2	39862	0.825350208556922	0.0538438239490058
MA0864.2	39862	0.775268024233922	0.0427298655392315
MA0469.3	39862	0.719005040918505	0.0391315390153813
MA0470.2	39862	0.76708319109641	0.0423016404889384
MA0612.2	39862	0.881661527247562	0.0607744458212767
MA0847.2	39862	0.854064475014451	0.0495528411081223
MA0766.2	39862	0.882380082067701	0.0511784535005659
MA0038.2	39862	0.828000788805031	0.0443406170287567
MA0734.2	39862	0.78453420394268	0.0411026618665886
MA0893.2	39862	0.927293284691278	0.04380447352843
MA1099.2	39862	0.870808205013623	0.059378360856082
MA0616.2	39862	0.828900575547334	0.0591000046267659
MA0650.2	39862	0.831495960597609	0.0498355772915469
MA0900.2	39862	0.882668036489333	0.0655552495292281
MA0158.2	39862	0.902307365639604	0.0504504423579172
MA0594.2	39862	0.887571565067975	0.0398220925403178
MA0902.2	39862	0.915475816319623	0.0511593773451691
MA0904.2	39862	0.894795812653628	0.0528776290733447
MA0485.2	39862	0.819100560610642	0.0521634105019628
MA0909.2	39862	0.841404401198529	0.0431535916426399
MA0912.2	39862	0.862141288848003	0.0573988303098032
MA0910.2	39862	0.904233904968749	0.0523510218304954
MA0913.2	39862	0.86048224612746	0.0567327700891223
MA1140.2	39862	0.746705335829982	0.0523986312063314
MA0701.2	39862	0.876609395748033	0.061658083065052
MA0702.2	39862	0.854441801778525	0.0724800922406875
MA0703.2	39862	0.809030870835539	0.0767182659964508
MA0623.2	39862	0.826972372397055	0.0483593170363717
MA0842.2	39862	0.809713214589495	0.043307917878699
MA0682.2	39862	0.899112481367774	0.0635863445068204
MA0075.3	39862	0.867442908859383	0.0706670119896209
MA0867.2	39862	0.899453830680556	0.046598677355763
MA0868.2	39862	0.866663904676	0.0479308385900878
MA0079.4	39862	0.825847116683816	0.0572608969186249
MA0516.2	39862	0.802338966713756	0.0481449295518468
MA0746.2	39862	0.867087961399272	0.0576321049695578
MA0632.2	39862	0.850221720376695	0.0597631626523071
MA0871.2	39862	0.821921882195082	0.0540218946075781
MA0753.2	39862	0.822215355811971	0.0575802919603538
MA0122.3	39862	0.818050650087986	0.0530969443027125
MA1631.1	39862	0.863997085200796	0.0504428398362031
MA1632.1	39862	0.818122505560091	0.0544265544520747
MA1633.1	39862	0.800008979677882	0.0493596844945353
MA1634.1	39862	0.831086576280881	0.0549558638130269
MA1635.1	39862	0.883713787901477	0.065667034588808
MA1636.1	39862	0.799669009172854	0.0492878631740585
MA1637.1	39862	0.824572033309492	0.0537903448920545
MA1638.1	39862	0.896451860618677	0.0604515816017905
MA1639.1	39862	0.822675995592012	0.0536421779856383
MA1640.1	39862	0.798312609968503	0.055038132474483
MA1641.1	39862	0.846685501287743	0.0522345070838554
MA1642.1	39862	0.862271049486788	0.0470878992497317
MA1643.1	39862	0.735885274909713	0.0440289990266745
MA1644.1	39862	0.845415947210407	0.0557692854510052
MA1645.1	39862	0.843399216865674	0.0431783713561133
MA1646.1	39862	0.864559950363599	0.0471022613181632
MA1647.1	39862	0.877164677636447	0.0468821448046098
MA1648.1	39862	0.893988935858397	0.0515426304909273
MA1649.1	39862	0.870486259382986	0.0480299398514412
MA1650.1	39862	0.832464443125947	0.0671467335697046
MA1651.1	39862	0.753938061136647	0.044192834583592
MA1652.1	39862	0.844763897807059	0.0469832079128516
MA1653.1	39862	0.868811937011474	0.0693400588983956
MA1654.1	39862	0.717478980268969	0.0333617963662815
MA1655.1	39862	0.847829246865972	0.0462444193656859
MA1656.1	39862	0.822625279167854	0.0450543870497429
MA1657.1	39862	0.807850908646038	0.0543578726842947
MA1683.1	39862	0.860811246355446	0.0584716567395374
MA0833.2	39862	0.800819908510535	0.0498062176891806
MA0835.2	39862	0.828756634302627	0.05353648219243
MA0465.2	39862	0.833616258457719	0.0579965039947471
MA0102.4	39862	0.803649065806689	0.0497845228866335
MA0836.2	39862	0.81656319910946	0.0495081979060625
MA0018.4	39862	0.825758514027928	0.0578226924949288
MA1102.2	39862	0.855400908949811	0.0613043325252504
MA0471.2	39862	0.868516863379737	0.0504900996586287
MA0154.4	39862	0.805095369532291	0.0499203338249819
MA0162.4	39862	0.826429930174664	0.0629429892210573
MA0598.3	39862	0.826804383640493	0.0446239165874802
MA0473.3	39862	0.829715326071497	0.0461931113651119
MA0640.2	39862	0.843391711146861	0.0441485175278404
MA0592.3	39862	0.811591934731102	0.0527477523915861
MA0761.2	39862	0.837763540367845	0.0452304485848462
MA0764.2	39862	0.912971767397433	0.0557167817205644
MA0765.2	39862	0.868620193049237	0.0476948244493801
MA0477.2	39862	0.820938069153166	0.0542013187993724
MA0148.4	39862	0.8333992779218	0.0568852994106961
MA0047.3	39862	0.857869888270008	0.0583776201762232
MA1103.2	39862	0.858627493312127	0.0582888834596455
MA0481.3	39862	0.864688380637931	0.0588315378540179
MA0062.3	39862	0.82962990708153	0.0454085762674557
MA0035.4	39862	0.850541057875606	0.0515081172686872
MA0482.2	39862	0.841640989964691	0.0495287328879857
MA1104.2	39862	0.82278630128717	0.0530089602276305
MA1105.2	39862	0.818236850068923	0.0493518043964693
MA0043.3	39862	0.812585484879816	0.0547550745508944
MA0114.4	39862	0.815715784799773	0.046929314904743
MA0484.2	39862	0.819961728226437	0.0462949361935232
MA0901.2	39862	0.82199222799891	0.0615032970633462
MA0490.2	39862	0.807421062901942	0.0556983710251181
MA0491.2	39862	0.810514684420414	0.0551259329425513
MA0039.4	39862	0.89916908302706	0.0611073068000439
MA1107.2	39862	0.814264035983784	0.0522842430611949
MA0700.2	39862	0.850393575715872	0.0624782135175342
MA0495.3	39862	0.780539031439772	0.046530158595018
MA0659.2	39862	0.783689857666148	0.045039276042428
MA0496.3	39862	0.78159698097304	0.0519863984917538
MA0052.4	39862	0.826795887812533	0.0690255391640329
MA0620.3	39862	0.782306204404086	0.046861292934752
MA1108.2	39862	0.899385797246194	0.0609547886675515
MA0499.2	39862	0.852078879165108	0.0458627890153267
MA0500.2	39862	0.853403331427784	0.0585845948466018
MA0056.2	39862	0.848330444152056	0.0454537929250166
MA0089.2	39862	0.766985894192343	0.0439166853350181
MA0025.2	39862	0.815521070055227	0.0588212520772834
MA0502.2	39862	0.826543988995988	0.0511638615977493
MA0063.2	39862	0.870589775643334	0.0472036271615494
MA1112.2	39862	0.856802504938848	0.0501615955772491
MA0679.2	39862	0.774126298979797	0.067610506554789
MA0712.2	39862	0.870620779844796	0.0550681671451123
MA1113.2	39862	0.812752956559207	0.0588974160150207
MA0681.2	39862	0.765891305358196	0.0728109446526162
MA0782.2	39862	0.801452671912911	0.0493551372725755
MA0627.2	39862	0.818278810718677	0.0610606132754546
MA0508.3	39862	0.882302990763	0.0509482849961554
MA0509.2	39862	0.80005228889424	0.0456376566467358
MA0798.2	39862	0.796822612602668	0.0452061079218019
MA0684.2	39862	0.861959463965967	0.0495749527741066
MA0743.2	39862	0.789288993086812	0.0427871275411019
MA0744.2	39862	0.79143446802381	0.0422515626355881
MA0745.2	39862	0.850042710822583	0.0528361911756573
MA0143.4	39862	0.862271847582235	0.0521631970160176
MA0080.5	39862	0.779119635559726	0.0416989392229019
MA0081.2	39862	0.801905429920982	0.0418782198475643
MA0829.2	39862	0.806724897393889	0.0542106016222723
MA0522.3	39862	0.89442412155727	0.0513449671887311
MA0830.2	39862	0.862959526981115	0.0508627632516659
MA0769.2	39862	0.86510715372896	0.0537676310685659
MA0090.3	39862	0.828934836095803	0.0474040656090331
MA0809.2	39862	0.847197660701213	0.0476288637986676
MA0003.4	39862	0.844180938416156	0.0513950644769959
MA0814.2	39862	0.847442027202699	0.0526495161674199
MA1123.2	39862	0.849410603362154	0.0466860598296132
MA0093.3	39862	0.801579270968095	0.0469603596279044
MA0526.3	39862	0.801412099431298	0.0477083167747959
MA0748.2	39862	0.835630610710212	0.0516602446888792
MA0528.2	39862	0.878392435322841	0.0570797266874605
MA0609.2	39862	0.752067578657904	0.0523970513257243
