[SHORT TFBS MATRIX]
MA0004.1	39719	0.826759564669762	0.0749456643424372
MA0006.1	39719	0.88062892110581	0.0715779563878344
MA0019.1	39719	0.796065043528994	0.0470093138405255
MA0029.1	39719	0.709092955026826	0.064680910462697
MA0030.1	39719	0.733778583020621	0.069315944392933
MA0031.1	39719	0.788296423666567	0.0790682704780075
MA0040.1	39719	0.758448355879605	0.0774381200849242
MA0041.1	39719	0.793119266337063	0.0747268724967481
MA0051.1	39719	0.720914645115231	0.0524620988671726
MA0057.1	39719	0.888747112484957	0.0437658344370948
MA0059.1	39719	0.770047124088448	0.0531237458613177
MA0066.1	39719	0.717719093141075	0.0369250741818873
MA0067.1	39719	0.904316544233051	0.0440865868697728
MA0069.1	39719	0.741335246399959	0.0428060699723234
MA0070.1	39719	0.750003005969611	0.0600313039419511
MA0071.1	39719	0.785022087630632	0.0609462735829031
MA0072.1	39719	0.727548740149449	0.0593568692911192
MA0073.1	39719	0.76944136895523	0.0508607335802389
MA0074.1	39719	0.728612059002248	0.0423433041969397
MA0077.1	39719	0.809182011625353	0.0619384914106233
MA0078.1	39719	0.838162850723878	0.0666324913005943
MA0084.1	39719	0.829347977261569	0.0764396520678674
MA0087.1	39719	0.814629071296872	0.0854046842059678
MA0091.1	39719	0.781610035473062	0.0526363916131102
MA0092.1	39719	0.854154159940532	0.0442874919897544
MA0101.1	39719	0.840201263748911	0.0511366190548663
MA0107.1	39719	0.792873428093765	0.0590819816910215
MA0108.2	39719	0.780800125737215	0.0704869551386378
MA0109.1	39719	0.915825690783985	0.0534999304335531
MA0111.1	39719	0.845785536835535	0.0344001677403311
MA0115.1	39719	0.644067258263772	0.0482257624335179
MA0116.1	39719	0.80170809065113	0.0467335145932586
MA0119.1	39719	0.710086418813963	0.0529633336371289
MA0125.1	39719	0.813226318198557	0.0746246010590289
MA0130.1	39719	0.934148476859855	0.0519362767882664
MA0135.1	39719	0.726284417478412	0.0828805558296585
MA0139.1	39719	0.760869155142261	0.0462089149696528
MA0142.1	39719	0.709756691425485	0.065232017045763
MA0149.1	39719	0.659943739812857	0.0576495708425233
MA0138.2	39719	0.669213353894612	0.0407664576985312
MA0002.2	39719	0.82453275201721	0.0487789155101495
MA0065.2	39719	0.788926642182951	0.0409582097012221
MA0151.1	39719	0.829583573023467	0.101873522127219
MA0152.1	39719	0.862907310760369	0.0643160218440833
MA0155.1	39719	0.836187735104761	0.04539205822161
MA0159.1	39719	0.776795347895851	0.0359966719584221
MA0160.1	39719	0.862083320710208	0.0515309641064691
MA0163.1	39719	0.778285320858684	0.0551082862873001
MA0164.1	39719	0.782722179445777	0.0806415705367963
MA0259.1	39719	0.862405431037373	0.0646021245721358
MA0146.2	39719	0.829686632054594	0.0694516453943282
MA0467.1	39719	0.78487195620545	0.0527995998778703
MA0468.1	39719	0.758475700288508	0.0718282142371098
MA0476.1	39719	0.781668762185026	0.0679917579687293
MA0478.1	39719	0.788055006929804	0.060591061671391
MA0479.1	39719	0.78061612789271	0.0650758353925955
MA0480.1	39719	0.792900196263425	0.065153260963656
MA0483.1	39719	0.803014357328235	0.0575850205100127
MA0488.1	39719	0.763002047364419	0.0620871914826685
MA0489.1	39719	0.766175426799693	0.0612465891922171
MA0492.1	39719	0.763594510176926	0.0606834613668735
MA0493.1	39719	0.844855561584299	0.0571094242266808
MA0494.1	39719	0.76891651720014	0.0374020280948712
MA0497.1	39719	0.755975152791976	0.072505280777099
MA0501.1	39719	0.716186349689373	0.052541521988618
MA0503.1	39719	0.826493021162894	0.0462519892290805
MA0504.1	39719	0.80380935678536	0.0410274383855478
MA0505.1	39719	0.747986067988894	0.0484443496896369
MA0506.1	39719	0.825158889293454	0.0761773082474923
MA0507.1	39719	0.729870626064066	0.0801246823747363
MA0513.1	39719	0.778223443548812	0.0489671763791359
MA0514.1	39719	0.837419575763137	0.0597267150753711
MA0515.1	39719	0.826063689701812	0.0622584415741737
MA0517.1	39719	0.74325346293433	0.0635180252221703
MA0518.1	39719	0.800260400470452	0.0561010015831474
MA0519.1	39719	0.811667662467042	0.0587132216532466
MA0520.1	39719	0.771000705717082	0.0620732944829891
MA0521.1	39719	0.835287432310205	0.0596702761558222
MA0523.1	39719	0.778590613883928	0.0579379620745311
MA0527.1	39719	0.753099937219925	0.0576553548491206
MA0076.2	39719	0.831199248884596	0.0616146028048175
MA0258.2	39719	0.775768043569822	0.0438528729454541
MA0050.2	39719	0.705267105088158	0.0663455288066881
MA0150.2	39719	0.719509882566527	0.0502579220691967
MA0137.3	39719	0.789619596147936	0.0617479929032105
MA0144.2	39719	0.824211528878765	0.0574468252152348
MA0140.2	39719	0.728804015197429	0.0563920924502248
MA0095.2	39719	0.763631280040235	0.0644107745225349
MA0591.1	39719	0.74265995229625	0.0465687573158292
MA0593.1	39719	0.777624281926032	0.0794195548110769
MA0595.1	39719	0.824567955559848	0.0499941977515642
MA0596.1	39719	0.80415335276064	0.0519343887031897
MA0597.1	39719	0.905301757677116	0.0346581626866609
MA0599.1	39719	0.907512604491425	0.0714751167970203
MA0601.1	39719	0.726813045368356	0.109891939057845
MA0602.1	39719	0.728868072362077	0.0831505803131608
MA0603.1	39719	0.786997185514653	0.0645734803206035
MA0604.1	39719	0.812752699034598	0.0618758627843166
MA0606.1	39719	0.83069229929888	0.0650240832190717
MA0607.1	39719	0.824169664328339	0.0584375921810175
MA0608.1	39719	0.802788242082228	0.0587029057522217
MA0610.1	39719	0.746064611439278	0.0669240489537536
MA0611.1	39719	0.805257166801932	0.0862165416404752
MA0613.1	39719	0.774484418545178	0.0891047221431858
MA0614.1	39719	0.80514454161058	0.082041420864564
MA0615.1	39719	0.797312991743008	0.0479313292549855
MA0618.1	39719	0.803417205211961	0.0719131661588074
MA0619.1	39719	0.789091228750984	0.0968731877342292
MA0621.1	39719	0.697969181624599	0.105624561500355
MA0622.1	39719	0.784266523969114	0.0809871134301189
MA0624.1	39719	0.843391558170678	0.0594886992882639
MA0625.1	39719	0.823741098145302	0.0622781932404035
MA0626.1	39719	0.805340686862508	0.0635171523008162
MA0628.1	39719	0.715215937330031	0.0896245290068291
MA0629.1	39719	0.763895104628894	0.0494404032532698
MA0630.1	39719	0.80464101198289	0.0911809075210808
MA0631.1	39719	0.695210841856679	0.0515047410024045
MA0633.1	39719	0.763367791878546	0.0702534494390734
MA0634.1	39719	0.78680200977698	0.0783561613563974
MA0007.3	39719	0.696846526687054	0.0461765645993538
MA0635.1	39719	0.822663831970516	0.0659249541778298
MA0636.1	39719	0.747106411734864	0.0612988156742128
MA0637.1	39719	0.763125548596696	0.0397146732091908
MA0638.1	39719	0.736627094284268	0.0501059554533031
MA0639.1	39719	0.745789227792848	0.0675164188252096
MA0641.1	39719	0.755974563224313	0.0584927204809455
MA0136.2	39719	0.839700893701373	0.0542566434609763
MA0027.2	39719	0.821975069085933	0.0791904769240692
MA0642.1	39719	0.832306506135722	0.0591572312430194
MA0643.1	39719	0.783633403243932	0.0541247382836851
MA0644.1	39719	0.800156799384354	0.0763408817893849
MA0645.1	39719	0.82751262631954	0.0605499986759168
MA0475.2	39719	0.80567384959371	0.0598396461045143
MA0042.2	39719	0.80344401451455	0.079538798591386
MA0033.2	39719	0.836991994904224	0.0777392550543241
MA0157.2	39719	0.778738565747186	0.0760719004994505
MA0646.1	39719	0.78226893024201	0.0456594236047212
MA0647.1	39719	0.711310131103467	0.0594329367340155
MA0648.1	39719	0.790271865822868	0.0663110546765999
MA0649.1	39719	0.788693105385388	0.0599213246142523
MA0131.2	39719	0.800627088307902	0.0603278800083729
MA0046.2	39719	0.683828330050696	0.078482059660165
MA0153.2	39719	0.675768595463127	0.0777937408434972
MA0651.1	39719	0.751089775894596	0.064857853142404
MA0486.2	39719	0.702236774567322	0.0586700222537989
MA0652.1	39719	0.684967572936282	0.0530157596459926
MA0653.1	39719	0.656453766880165	0.05438868209624
MA0654.1	39719	0.789411773564589	0.0907175537578695
MA0655.1	39719	0.730436433137418	0.070301704435534
MA0656.1	39719	0.70779195239108	0.0682989227408775
MA0657.1	39719	0.719837286020684	0.0478169020235827
MA0658.1	39719	0.767582327438167	0.0696114588557489
MA0660.1	39719	0.697215921182819	0.0796335968934632
MA0661.1	39719	0.79582545187094	0.0685057589521275
MA0662.1	39719	0.81274365251486	0.0783988139194889
MA0663.1	39719	0.742771847013321	0.059617192963031
MA0664.1	39719	0.762573758464915	0.0618793270973283
MA0665.1	39719	0.779108614640996	0.0520031822616732
MA0666.1	39719	0.819644509959605	0.0743736375065692
MA0667.1	39719	0.756772884510086	0.057151921532192
MA0668.1	39719	0.825163759306576	0.0409538002232505
MA0669.1	39719	0.760008269540799	0.0535916105642233
MA0670.1	39719	0.805891516460511	0.072353960420196
MA0671.1	39719	0.905859460744816	0.0453980557349582
MA0048.2	39719	0.802040701335645	0.0613060041414064
MA0672.1	39719	0.831196072556315	0.0505765081134208
MA0673.1	39719	0.866595416700513	0.0443999534217484
MA0674.1	39719	0.818316438427543	0.0750875899197823
MA0675.1	39719	0.820128820221095	0.0849596244326446
MA0676.1	39719	0.795118733051941	0.0653628700629174
MA0677.1	39719	0.716345867078348	0.0465121488992315
MA0678.1	39719	0.758629430029413	0.0551778868939824
MA0068.2	39719	0.766254303640615	0.079995082441561
MA0680.1	39719	0.665744892208624	0.0871256982244015
MA0683.1	39719	0.639123476386671	0.0751361679586439
MA0512.2	39719	0.693280025658571	0.0487951960976001
MA0685.1	39719	0.772861590781084	0.0676628784578313
MA0686.1	39719	0.778397162530271	0.0524237809447758
MA0687.1	39719	0.774870867553701	0.0511074326972179
MA0083.3	39719	0.650877599166066	0.0536593395193154
MA0009.2	39719	0.671701551856679	0.0454580890932375
MA0688.1	39719	0.7875237918032	0.0494514518480057
MA0689.1	39719	0.766857014021716	0.0527271762926367
MA0690.1	39719	0.764981241889996	0.0539851006265841
MA0691.1	39719	0.761204112083566	0.062916614062774
MA0145.3	39719	0.772929772970666	0.0510672110249179
MA0692.1	39719	0.792803776859702	0.0587743885228409
MA0694.1	39719	0.771106531191165	0.0514293849995236
MA0695.1	39719	0.79838393197588	0.0490163731792426
MA0696.1	39719	0.755402663551563	0.0520602842716651
MA0697.1	39719	0.76827232873027	0.0512746472800573
MA0698.1	39719	0.760884611704764	0.0533429687282893
MA0699.1	39719	0.806524441966602	0.0704359939359049
MA0704.1	39719	0.80593228420821	0.0794177043471363
MA0705.1	39719	0.825339010745762	0.0713845216627101
MA0706.1	39719	0.800116502578177	0.0712879812563458
MA0707.1	39719	0.813712111918877	0.073984785290526
MA0708.1	39719	0.791714221968934	0.0841121717243752
MA0709.1	39719	0.794533371893152	0.0886004387730183
MA0710.1	39719	0.804285347278238	0.0753331088095831
MA0124.2	39719	0.795321059081174	0.0590548568590234
MA0711.1	39719	0.817538496245063	0.0638925502487783
MA0132.2	39719	0.809590807492892	0.0866120951217849
MA0713.1	39719	0.721458782141605	0.0851923854921796
MA0714.1	39719	0.811723976344698	0.0646018830405659
MA0715.1	39719	0.684609720776971	0.0948989248026308
MA0716.1	39719	0.797094902747715	0.0915577767831778
MA0717.1	39719	0.812100279028048	0.0823608246021564
MA0718.1	39719	0.787123721016706	0.0853045125004421
MA0719.1	39719	0.916071554239125	0.0490394210241192
MA0720.1	39719	0.799677714942671	0.0901628399842601
MA0721.1	39719	0.806013478911636	0.0852706728601711
MA0722.1	39719	0.812970344395337	0.0753985012707334
MA0723.1	39719	0.814057531995786	0.0727599548415833
MA0724.1	39719	0.777302464225528	0.0729672680656551
MA0725.1	39719	0.783360738145842	0.0887354881176304
MA0726.1	39719	0.767874791590978	0.0886347181369105
MA0112.3	39719	0.688595582834094	0.0454576531214701
MA0141.3	39719	0.734351520051355	0.0593622974496125
MA0017.2	39719	0.775095670485031	0.0555825939080823
MA0113.3	39719	0.692793225098319	0.0505454748332924
MA0727.1	39719	0.689538280891093	0.0505118721446442
MA0728.1	39719	0.681352123308388	0.0473584749632851
MA0729.1	39719	0.664538977577981	0.0445056884388153
MA0730.1	39719	0.685055027319795	0.0434600348101865
MA0731.1	39719	0.636676526324696	0.0482398913769959
MA0472.2	39719	0.789107993714164	0.0600795480192321
MA0732.1	39719	0.76070710213422	0.0684839732482095
MA0733.1	39719	0.761526035335405	0.055978412980783
MA0735.1	39719	0.680661614310501	0.0470494857239022
MA0736.1	39719	0.769539363601707	0.0495677143388363
MA0737.1	39719	0.721351482980941	0.0433198481473809
MA0738.1	39719	0.878354781291003	0.0477401157970962
MA0739.1	39719	0.837313802115006	0.0477007296142162
MA0740.1	39719	0.799085059149513	0.0648284553610805
MA0741.1	39719	0.849851593871262	0.0751959752075166
MA0742.1	39719	0.789960982561031	0.0558098830150041
MA0747.1	39719	0.851508144984536	0.0592120193830678
MA0749.1	39719	0.674245129448963	0.0473966228393439
MA0751.1	39719	0.788421157537908	0.0486594382045285
MA0088.2	39719	0.721490367937731	0.0454782134089445
MA0752.1	39719	0.646999727517754	0.0511521638032068
MA0754.1	39719	0.728835951027358	0.0765699228844037
MA0755.1	39719	0.71500723145464	0.0742881336108537
MA0756.1	39719	0.679143536642676	0.0773527415739737
MA0757.1	39719	0.670947209123223	0.0829887139669679
MA0758.1	39719	0.659384991923803	0.0522032658541908
MA0759.1	39719	0.804854236461634	0.0610741803039158
MA0760.1	39719	0.809427334877754	0.0557389104875707
MA0474.2	39719	0.825326537751238	0.0574204245496664
MA0098.3	39719	0.823278302824258	0.0581254832471274
MA0762.1	39719	0.779445887258265	0.0564417633446372
MA0763.1	39719	0.8143593734503	0.0534435064869927
MA0156.2	39719	0.817512721907716	0.0588245259750852
MA0767.1	39719	0.812203806053423	0.0467268349409538
MA0768.1	39719	0.708083529165653	0.0595791790800038
MA0770.1	39719	0.716183824521912	0.0575144273188826
MA0771.1	39719	0.75120128099052	0.0509244072009912
MA0772.1	39719	0.720274280293117	0.0641349044696586
MA0773.1	39719	0.704112064403803	0.0835769424667237
MA0498.2	39719	0.890823931204762	0.0627259535719608
MA0774.1	39719	0.826322256651933	0.0640948005784511
MA0775.1	39719	0.854946142380537	0.0574956440588106
MA0776.1	39719	0.713529333482074	0.0486987525218122
MA0777.1	39719	0.684425479828128	0.0454513536907116
MA0105.4	39719	0.690800967380773	0.0571450268547238
MA0778.1	39719	0.724316275313357	0.0588572560791141
MA0779.1	39719	0.729459256177482	0.0366679653048308
MA0780.1	39719	0.676058726132986	0.0871851258939771
MA0781.1	39719	0.701825922499763	0.0390331198195295
MA0783.1	39719	0.69021232820168	0.0551009400751756
MA0784.1	39719	0.685303159255635	0.0790976201083499
MA0785.1	39719	0.732842526463566	0.0788149377458442
MA0786.1	39719	0.725877681495875	0.0846953196942983
MA0787.1	39719	0.718035871221363	0.0819903586344117
MA0788.1	39719	0.711659100329968	0.0826081790379677
MA0789.1	39719	0.738053929845619	0.0847355716416085
MA0790.1	39719	0.6750086227612	0.0869097113905706
MA0791.1	39719	0.656826391393309	0.0841744013790671
MA0792.1	39719	0.764398467426017	0.081019737816214
MA0793.1	39719	0.754137180064175	0.0744442003712443
MA0794.1	39719	0.730370399787844	0.0472169995318474
MA0600.2	39719	0.689567139930891	0.0549760439074097
MA0795.1	39719	0.720345484451002	0.0530828769133704
MA0796.1	39719	0.662844811051137	0.0586928202234712
MA0797.1	39719	0.699488078336871	0.0539902593359426
MA0799.1	39719	0.739726262486184	0.0499236696949509
MA0510.2	39719	0.684760402668699	0.054330129520704
MA0511.2	39719	0.801586577322627	0.0523119747965266
MA0800.1	39719	0.752459593020183	0.0513981088465568
MA0801.1	39719	0.823730076662103	0.0534739451251646
MA0802.1	39719	0.767149324249311	0.05422485134857
MA0803.1	39719	0.800244434713565	0.057143141350362
MA0804.1	39719	0.654427405691151	0.0445658947160308
MA0805.1	39719	0.795922471118029	0.0597176494922647
MA0806.1	39719	0.829806295200756	0.0520295033411113
MA0807.1	39719	0.841340397816949	0.0498692740972849
MA0808.1	39719	0.833125919783596	0.0604432738441978
MA0810.1	39719	0.853650376267309	0.0564562092141932
MA0811.1	39719	0.836755621897823	0.053787974473487
MA0812.1	39719	0.829306962045009	0.0605748735861229
MA0813.1	39719	0.792492233813313	0.062471829697058
MA0524.2	39719	0.832762363081886	0.0533531967361644
MA0815.1	39719	0.785855044923568	0.0655650931692349
MA0816.1	39719	0.809062219360748	0.0583810333161151
MA0461.2	39719	0.791342625180187	0.0529341857836279
MA0464.2	39719	0.77953139868927	0.0649076424059457
MA0817.1	39719	0.723447234088178	0.0592695681425474
MA0818.1	39719	0.75971036223229	0.0538442432403749
MA0819.1	39719	0.778590161304739	0.0511264455472222
MA0820.1	39719	0.832188041617881	0.0541656953094477
MA0821.1	39719	0.72303192490322	0.0555822833411818
MA0822.1	39719	0.705235918521581	0.0576783977495211
MA0823.1	39719	0.77811696683777	0.0678809553958679
MA0058.3	39719	0.789742156781418	0.0673910901508198
MA0825.1	39719	0.801858532225981	0.0643735085712584
MA0826.1	39719	0.737460690469766	0.0586662105142353
MA0827.1	39719	0.787916889851656	0.0500223948018059
MA0828.1	39719	0.750439603632323	0.0591438360557828
MA0832.1	39719	0.707986934854854	0.0540530490240786
MA0834.1	39719	0.697369571517389	0.0670110813796052
MA0466.2	39719	0.77889347838465	0.0565059243818371
MA0837.1	39719	0.787103854736462	0.0559539101043632
MA0838.1	39719	0.743763246741343	0.055469083499488
MA0839.1	39719	0.71462652900032	0.0472119049316334
MA0840.1	39719	0.723858352465015	0.0702113022121552
MA0117.2	39719	0.782663268990828	0.0534213659666722
MA0841.1	39719	0.720587042767053	0.0621567592561696
MA0843.1	39719	0.734928141480514	0.0647061640525592
MA0844.1	39719	0.730098100514784	0.0476316133042324
MA0845.1	39719	0.74853951297459	0.0792071485081027
MA0032.2	39719	0.777180074638658	0.079647747078211
MA0846.1	39719	0.769958547920312	0.0797827464225183
MA0848.1	39719	0.825216873819081	0.0761766166870298
MA0849.1	39719	0.808264553446623	0.0784265663931762
MA0850.1	39719	0.873879377491351	0.0583769151452549
MA0851.1	39719	0.733196542183806	0.0762512319856642
MA0853.1	39719	0.702000342169498	0.0648686336052783
MA0854.1	39719	0.701650788989766	0.0691422195368741
MA0855.1	39719	0.689938810399589	0.0489703489182883
MA0856.1	39719	0.700208971820523	0.0484412938390656
MA0857.1	39719	0.650355177229295	0.0498878704410556
MA0858.1	39719	0.672485651036741	0.0466819247803355
MA0859.1	39719	0.670307557329361	0.0488207264519973
MA0860.1	39719	0.665716522582935	0.0457186429490785
MA0525.2	39719	0.670302386746846	0.0433348731681266
MA0106.3	39719	0.683166916377055	0.0413277618585971
MA0861.1	39719	0.717491598481194	0.0422632834622822
MA0862.1	39719	0.784186042809177	0.0578833685264061
MA0863.1	39719	0.70637897412071	0.0425747554422889
MA0024.3	39719	0.747363252048532	0.0500001952716583
MA0865.1	39719	0.703470567747188	0.0504265260596388
MA0866.1	39719	0.653174837614193	0.0626033235830249
MA0869.1	39719	0.616575565266411	0.0662811194722044
MA0870.1	39719	0.655040826660242	0.0621942893289242
MA0872.1	39719	0.780145750118709	0.067062284528171
MA0028.2	39719	0.782037005376333	0.0654111449241222
MA0873.1	39719	0.746553276629054	0.059150906368835
MA0874.1	39719	0.693708519633686	0.0650868762593058
MA0875.1	39719	0.831033142038988	0.0798387222446341
MA0876.1	39719	0.840646188704183	0.0760312242575
MA0879.1	39719	0.806390138296045	0.0809426171814335
MA0880.1	39719	0.82219455040373	0.0820382230405691
MA0881.1	39719	0.825890353879181	0.078593026405686
MA0882.1	39719	0.822308280262913	0.0809140944597834
MA0883.1	39719	0.74938841004967	0.0547855815042417
MA0884.1	39719	0.746873710856342	0.0682363754830642
MA0885.1	39719	0.807849470874913	0.0905959602307841
MA0886.1	39719	0.777625922555056	0.078015881117319
MA0887.1	39719	0.814181502481257	0.066562402838892
MA0888.1	39719	0.81108772339029	0.0672321304462269
MA0889.1	39719	0.774299546885459	0.0752509903131793
MA0890.1	39719	0.784425488499378	0.0813502426042951
MA0891.1	39719	0.812028649984401	0.0586399230991608
MA0892.1	39719	0.827133979641342	0.064768210871208
MA0894.1	39719	0.777306243716797	0.0849378650484611
MA0895.1	39719	0.796444590799019	0.0593438546922334
MA0896.1	39719	0.724243091752491	0.0546984661001833
MA0897.1	39719	0.698919732835745	0.0595196119406244
MA0898.1	39719	0.696328033514148	0.0600399548047214
MA0899.1	39719	0.773891477192465	0.0815526600390732
MA0903.1	39719	0.825201022505559	0.0748825605430865
MA0905.1	39719	0.784592908713927	0.0710307771994345
MA0906.1	39719	0.736281455245939	0.0624415062193018
MA0907.1	39719	0.735602009116723	0.0667333596423215
MA0908.1	39719	0.767630286059339	0.0716460231710548
MA0911.1	39719	0.760198697810856	0.0605080378196805
MA0914.1	39719	0.827994756966794	0.0607587311096685
MA0852.2	39719	0.751612629816804	0.0675534677898794
MA0036.3	39719	0.772928066267173	0.0750470583074871
MA1106.1	39719	0.804564173866789	0.0655501145779784
MA0147.3	39719	0.779596013754521	0.0632341112870397
MA0100.3	39719	0.83371416746281	0.0607300808394859
MA0104.4	39719	0.761090290921406	0.062058599207931
MA1109.1	39719	0.79460176470977	0.0538565899767073
MA0161.2	39719	0.79864594640601	0.0621651127184441
MA0060.3	39719	0.790936168867892	0.0699134400726458
MA1110.1	39719	0.761428172586931	0.0581358812082663
MA1111.1	39719	0.781278538746624	0.0643969853924817
MA0014.3	39719	0.789806941413744	0.0533333126186376
MA1114.1	39719	0.72932455714184	0.0518393138565771
MA1115.1	39719	0.756553652013469	0.0844157086431361
MA1116.1	39719	0.852074586104178	0.0658070912340202
MA1117.1	39719	0.790815258225796	0.0569354390092676
MA1118.1	39719	0.753313867312185	0.059243064531956
MA1119.1	39719	0.704447098065063	0.0547174549216829
MA0442.2	39719	0.805473987151379	0.0753206727940743
MA1120.1	39719	0.787256498287888	0.073092453543248
MA1121.1	39719	0.766351739920809	0.0572544594039871
MA1122.1	39719	0.82767921390704	0.0716120933096554
MA0750.2	39719	0.809194223371373	0.0638961924644242
MA0103.3	39719	0.843307068130745	0.0607948301535659
MA1124.1	39719	0.66789699131612	0.0649758153629693
MA1125.1	39719	0.720011656470393	0.127494799475372
MA1154.1	39719	0.715100148021006	0.0417872700508293
MA1155.1	39719	0.701982890315436	0.048232286823823
MA0037.3	39719	0.821992241652158	0.0684386626870819
MA0099.3	39719	0.774971140017285	0.0649778574900431
MA1126.1	39719	0.721014050751867	0.0568591810411884
MA1127.1	39719	0.722177975097164	0.0680746833068955
MA1128.1	39719	0.764222297800411	0.0639784513508133
MA1129.1	39719	0.734466025877997	0.066926196260143
MA1130.1	39719	0.769907017345924	0.065129771370575
MA1131.1	39719	0.746954823664637	0.0667789741113958
MA1132.1	39719	0.786058529451883	0.0586794247061767
MA1133.1	39719	0.741829459390294	0.0628342804021023
MA1134.1	39719	0.753878975238215	0.0647938181041216
MA1135.1	39719	0.76741303650875	0.0668254943987791
MA1136.1	39719	0.751312946561548	0.0640785576988406
MA1137.1	39719	0.762300661432431	0.0620497774420941
MA1138.1	39719	0.760927948615491	0.0692990004063209
MA1139.1	39719	0.716392647918542	0.0704672068685765
MA1141.1	39719	0.756242430203851	0.0634130978261108
MA1142.1	39719	0.79860100988989	0.0617556699749874
MA1143.1	39719	0.781210500345364	0.0612676387417233
MA1144.1	39719	0.763851520472799	0.0666117310147942
MA1145.1	39719	0.727377864724451	0.064353180012897
MA1146.1	39719	0.733876266893806	0.0392885837038891
MA1147.1	39719	0.750733997574511	0.0394530188885859
MA1148.1	39719	0.734080511558061	0.0397254641474326
MA1149.1	39719	0.769621354011137	0.0403515978341834
MA1150.1	39719	0.793279149036171	0.0531439626249569
MA1151.1	39719	0.800548038177353	0.0486671741534533
MA1152.1	39719	0.82102009888999	0.0763385182988924
MA0831.2	39719	0.82169434397187	0.0628566878262051
MA0693.2	39719	0.838916758986038	0.0573206735940954
MA1153.1	39719	0.82217015038447	0.0596444087351109
MA1418.1	39719	0.673196982406002	0.0514414916519988
MA1419.1	39719	0.670117363014788	0.0513630366764488
MA1420.1	39719	0.719036164309274	0.0453633565017129
MA1421.1	39719	0.731713542271418	0.058069670710685
MA1463.1	39719	0.719756704854556	0.0920894060043279
MA1464.1	39719	0.772508632574867	0.0673812942273293
MA1466.1	39719	0.712980134284367	0.0486694804483744
MA1467.1	39719	0.802623598404378	0.0530840738991022
MA1468.1	39719	0.823948265119747	0.0438229128339355
MA1101.2	39719	0.676946661550574	0.0543988158733526
MA1470.1	39719	0.666475978556879	0.0494077746020777
MA1471.1	39719	0.762541850861758	0.0845704324419221
MA1472.1	39719	0.847873324495391	0.0515947721091207
MA1473.1	39719	0.748869167447857	0.0723493560330225
MA1474.1	39719	0.773492937122934	0.0505303576383375
MA1475.1	39719	0.757317447504834	0.0584381811295888
MA1476.1	39719	0.77893221291078	0.0957950720100158
MA1478.1	39719	0.770933081408588	0.0578828400059999
MA1479.1	39719	0.738928320946725	0.0607696295451407
MA1480.1	39719	0.766994746166432	0.0603612488106225
MA1481.1	39719	0.810776439215223	0.0841916721274884
MA1483.1	39719	0.766033698886062	0.0582354479861985
MA1484.1	39719	0.826623402144359	0.0575038566877898
MA1485.1	39719	0.747391969930206	0.0499649865658728
MA1487.1	39719	0.732552151400784	0.0681581537351971
MA1489.1	39719	0.716706739847428	0.0921756708706903
MA1491.1	39719	0.760183032043449	0.0478418607187042
MA1493.1	39719	0.775999131783561	0.0478414080331055
MA1494.1	39719	0.698399954880576	0.0471233363937757
MA1495.1	39719	0.829035201018048	0.0718139150011074
MA1496.1	39719	0.862912518519162	0.0556258365316582
MA1497.1	39719	0.811621695585294	0.0613005289758088
MA1498.1	39719	0.834356300878174	0.0704552640780623
MA1499.1	39719	0.807565509855808	0.0816309054980359
MA1500.1	39719	0.852489878678426	0.0601606863551082
MA1501.1	39719	0.802712422691026	0.0555474180020835
MA1502.1	39719	0.823656272506969	0.0747864722289245
MA1503.1	39719	0.748532676173288	0.0663143883321584
MA1504.1	39719	0.836228522374419	0.0798566452515166
MA1505.1	39719	0.832876860020809	0.0674760825564103
MA1506.1	39719	0.736687314200961	0.060812507977278
MA1507.1	39719	0.828602053505242	0.0807967650297031
MA1508.1	39719	0.798645767513012	0.0608153158575772
MA1509.1	39719	0.760695890012206	0.052867086340897
MA1511.1	39719	0.840612543069689	0.0629455592355727
MA1512.1	39719	0.84431994928193	0.0698678447587949
MA1513.1	39719	0.836411126019897	0.110105696326389
MA1514.1	39719	0.759924677681037	0.0547476716038708
MA1515.1	39719	0.872819986999984	0.0708934061708453
MA1516.1	39719	0.82483198707945	0.0673840567200976
MA1517.1	39719	0.858940611902283	0.0656541145589285
MA1518.1	39719	0.846077594300734	0.0726770953103027
MA1519.1	39719	0.780443972594993	0.0870669463738924
MA1520.1	39719	0.725925446229609	0.0447725692338649
MA1521.1	39719	0.737362376201696	0.0445986636255075
MA1522.1	39719	0.852061174019605	0.0847583483515783
MA1523.1	39719	0.816966923815307	0.0531940247172501
MA1524.1	39719	0.80955338636395	0.0535339144211756
MA1525.1	39719	0.825916347096306	0.059767386824634
MA1527.1	39719	0.715483565959274	0.0541488791350039
MA1528.1	39719	0.730828309814826	0.0539498640369831
MA1529.1	39719	0.715366477767415	0.0518995722933317
MA1530.1	39719	0.813706655107345	0.0689541494159016
MA1531.1	39719	0.748725724792985	0.0421299722455726
MA1532.1	39719	0.777382246362155	0.0383615423603954
MA1533.1	39719	0.764236956151142	0.0364447373888733
MA1534.1	39719	0.803455741436775	0.0590320139305331
MA1535.1	39719	0.877177806508821	0.057380997748242
MA1536.1	39719	0.92075246443621	0.0421160081284047
MA1537.1	39719	0.727206892217395	0.0443367351809991
MA1538.1	39719	0.711531209426963	0.0450149448736717
MA1539.1	39719	0.695861218264311	0.0458450208825221
MA1540.1	39719	0.815374073344809	0.0505913845985361
MA1541.1	39719	0.719326091427761	0.0445749789039355
MA1542.1	39719	0.807914218076318	0.0488888599406309
MA1544.1	39719	0.714161302964974	0.0537543960452728
MA1545.1	39719	0.757603623876484	0.0510534226336275
MA1546.1	39719	0.72534135997082	0.0402315759189627
MA1547.1	39719	0.798628919957855	0.0778311500286946
MA1548.1	39719	0.818316673288014	0.0757517432918777
MA1549.1	39719	0.794545900951523	0.0660587275761455
MA1550.1	39719	0.725289545136782	0.0444331244440726
MA1552.1	39719	0.730235414225581	0.0426961289826154
MA1553.1	39719	0.714750324420474	0.044002402099734
MA1554.1	39719	0.863988321106759	0.0420389547740265
MA1555.1	39719	0.738973388477375	0.0445277612518446
MA1556.1	39719	0.735620730003394	0.0467824883598398
MA1557.1	39719	0.754061941381371	0.0480832427829325
MA1558.1	39719	0.84365224521083	0.0561708137422254
MA1559.1	39719	0.804283236202637	0.0550397936446672
MA1560.1	39719	0.773755129461822	0.064526627789659
MA1561.1	39719	0.731990405066265	0.0554122584966271
MA1562.1	39719	0.743412724179051	0.0610183342036492
MA1563.1	39719	0.898908142204306	0.0371942703869505
MA1564.1	39719	0.844928444657224	0.0743272538163584
MA1565.1	39719	0.786043631818578	0.0485509235829381
MA1566.1	39719	0.85718816908371	0.0434817495433615
MA1567.1	39719	0.824635707904843	0.0473865621377266
MA1568.1	39719	0.78671014419205	0.0410083351137217
MA1569.1	39719	0.851469419909867	0.0713376603808652
MA1570.1	39719	0.829506783171717	0.0540772672092053
MA1571.1	39719	0.721113038297067	0.0494834061934333
MA1572.1	39719	0.728261510597599	0.0493054396794903
MA1573.1	39719	0.686180680761738	0.0579686719233264
MA1574.1	39719	0.775394394331278	0.0401868452789686
MA1575.1	39719	0.716176533387186	0.0434438655685778
MA1576.1	39719	0.715261934565176	0.0386431219759795
MA1577.1	39719	0.782011134226442	0.100176936647506
MA1578.1	39719	0.841932893723574	0.067309341163056
MA1579.1	39719	0.789110864293776	0.0613540917402165
MA1580.1	39719	0.735205050858832	0.0672100692066777
MA1581.1	39719	0.796595388369378	0.0546790932363301
MA1583.1	39719	0.798780433400428	0.0600207412057761
MA1584.1	39719	0.75648552988539	0.0534560690655264
MA1585.1	39719	0.758236052908169	0.0543308222986077
MA1587.1	39719	0.755102911067446	0.0514606201273448
MA1588.1	39719	0.695274604783477	0.0500618622109876
MA1589.1	39719	0.663407734375834	0.0389402149976566
MA1592.1	39719	0.749217931315386	0.0446341219524812
MA1593.1	39719	0.764192844272756	0.0581611207060375
MA1594.1	39719	0.658277878211113	0.0365833547404845
MA1596.1	39719	0.747907085232834	0.0658548173437733
MA1597.1	39719	0.681203712931791	0.0439005271444546
MA1599.1	39719	0.74351334351847	0.058796809188643
MA1600.1	39719	0.706474935342081	0.0393659748477987
MA1601.1	39719	0.802884578638251	0.0594648094752067
MA1602.1	39719	0.758384600605769	0.0474555300607618
MA1603.1	39719	0.715175475765469	0.0676942290815816
MA1604.1	39719	0.767909776613223	0.0590686460689678
MA1606.1	39719	0.760350489984958	0.0871447266775504
MA1607.1	39719	0.725558618264028	0.0818262650611151
MA1608.1	39719	0.776659970627163	0.0687312130210612
MA1615.1	39719	0.79973026742035	0.0656838840062455
MA1616.1	39719	0.743957682150657	0.0495515306324426
MA1618.1	39719	0.781904062555969	0.0597283670849629
MA1619.1	39719	0.795263876473454	0.0637372440634569
MA1620.1	39719	0.798707780382386	0.057806891883806
MA1621.1	39719	0.798597449189771	0.0556071972438874
MA1622.1	39719	0.750084495999129	0.0721200371584631
MA1623.1	39719	0.740736739396689	0.0796019678167848
MA1624.1	39719	0.764936517538912	0.0657186781139358
MA1625.1	39719	0.749493064794552	0.0671072660351486
MA1627.1	39719	0.805977680623606	0.0686162763965598
MA1628.1	39719	0.844178821084749	0.0587577577317713
MA1629.1	39719	0.779848770017055	0.0533874964767881
MA1630.1	39719	0.791323949221137	0.0703314310253155
MA1100.2	39719	0.848239172396031	0.0556400964590119
MA0605.2	39719	0.706717008242013	0.0703305117348716
MA0877.2	39719	0.847485506368895	0.060135365471711
MA0462.2	39719	0.749306309324378	0.0734842509663999
MA0463.2	39719	0.708891100491317	0.0475989450816338
MA0878.2	39719	0.740962453491637	0.0699921872040035
MA0864.2	39719	0.732751073014723	0.0462636376014349
MA0469.3	39719	0.66426768780087	0.0465189112271665
MA0470.2	39719	0.723575620251914	0.0476569457458232
MA0612.2	39719	0.787583335627387	0.0813041630075978
MA0847.2	39719	0.770541258609649	0.0681550134093248
MA0766.2	39719	0.808230045360032	0.0647061360743671
MA0038.2	39719	0.764533208681954	0.0564835427045786
MA0734.2	39719	0.741889631242737	0.0483693218362882
MA0893.2	39719	0.855444603604506	0.0630779112798966
MA1099.2	39719	0.827652280790092	0.0725285998274539
MA0616.2	39719	0.780661327406123	0.0710121362872899
MA0650.2	39719	0.752755999867377	0.0656162181328227
MA0900.2	39719	0.784394849105505	0.0845590947054078
MA0158.2	39719	0.826257626818727	0.0661961740738874
MA0594.2	39719	0.829002202203715	0.0523787987568475
MA0902.2	39719	0.832648618526333	0.0724203918142189
MA0904.2	39719	0.813103113273572	0.0716402341411932
MA0485.2	39719	0.737580070066588	0.0680063336287562
MA0909.2	39719	0.775974793078642	0.0537357343841123
MA0912.2	39719	0.775550674910394	0.0735321467599555
MA0910.2	39719	0.820129965874613	0.0728361487812886
MA0913.2	39719	0.765409639215487	0.0802688064645842
MA1140.2	39719	0.689783495143656	0.0652324258704967
MA0701.2	39719	0.783250156384538	0.0819787905976769
MA0702.2	39719	0.740861564901523	0.0945164993953792
MA0703.2	39719	0.684079874727753	0.102137028226522
MA0623.2	39719	0.758488748016635	0.0546012667960388
MA0842.2	39719	0.748779722697114	0.053757265608117
MA0682.2	39719	0.802113650426017	0.0719689877027807
MA0075.3	39719	0.758836903179184	0.0939335549738565
MA0867.2	39719	0.824311987659032	0.0671193100503242
MA0868.2	39719	0.786874112276007	0.0704591627196907
MA0079.4	39719	0.792995640021769	0.0701483287827245
MA0516.2	39719	0.770556834741601	0.0603128908195838
MA0746.2	39719	0.832600244214222	0.0735031866978325
MA0632.2	39719	0.813478311891783	0.0720494403833018
MA0871.2	39719	0.765097368360865	0.0651629428936068
MA0753.2	39719	0.779974307192935	0.0727667412516946
MA0122.3	39719	0.732900333206732	0.0680706665665773
MA1631.1	39719	0.813285149733572	0.0590317012058834
MA1632.1	39719	0.743308537919505	0.0707247724527167
MA1633.1	39719	0.735316169867999	0.0586586046777924
MA1634.1	39719	0.750657405779608	0.074061932173052
MA1635.1	39719	0.825608030101016	0.0773151943509367
MA1636.1	39719	0.72515839733665	0.0632512145878647
MA1637.1	39719	0.768001723182285	0.0609326906342243
MA1638.1	39719	0.830999604430353	0.0603245533997957
MA1639.1	39719	0.738009774710827	0.0717016252728088
MA1640.1	39719	0.707489497851535	0.0747873423509199
MA1641.1	39719	0.786630476696297	0.0629379023430984
MA1642.1	39719	0.799766588864797	0.05691208083157
MA1643.1	39719	0.68548008140532	0.0492755084762466
MA1644.1	39719	0.787811296676432	0.0717091070050412
MA1645.1	39719	0.780996660440816	0.0529180165893743
MA1646.1	39719	0.807872866138863	0.057659094491792
MA1647.1	39719	0.805439513895715	0.062397638667522
MA1648.1	39719	0.844456089386174	0.0619022315873635
MA1649.1	39719	0.805363612302132	0.0604709334369962
MA1650.1	39719	0.800372853991338	0.0793705737624383
MA1651.1	39719	0.705330136524812	0.0558396469739277
MA1652.1	39719	0.794128725536906	0.0568119331404273
MA1653.1	39719	0.826389238461754	0.0875974064317092
MA1654.1	39719	0.680751252578435	0.0356921967295823
MA1655.1	39719	0.793199736401773	0.0551107528266972
MA1656.1	39719	0.775682311161919	0.0545896546582085
MA1657.1	39719	0.723263300706275	0.0685220527426044
MA1683.1	39719	0.764799693764816	0.0817703834846783
MA0833.2	39719	0.727422013457017	0.0630592010842787
MA0835.2	39719	0.749211832010085	0.0723993090203347
MA0465.2	39719	0.737064576871271	0.0801541560024001
MA0102.4	39719	0.722854090626851	0.0662147043663027
MA0836.2	39719	0.736804698008864	0.0661107652117358
MA0018.4	39719	0.748615062223667	0.0780841917269483
MA1102.2	39719	0.817159523201847	0.0728931782486801
MA0471.2	39719	0.829821467265632	0.0646472790105419
MA0154.4	39719	0.752615559356975	0.0563062108749615
MA0162.4	39719	0.791182311104932	0.0787013983935737
MA0598.3	39719	0.774578769401116	0.059891236960249
MA0473.3	39719	0.779909290111751	0.0593181662824656
MA0640.2	39719	0.792152235351462	0.0578556987545069
MA0592.3	39719	0.740502771930672	0.0569443537093719
MA0761.2	39719	0.784869774987096	0.0601464031501859
MA0764.2	39719	0.851439333021381	0.0681533605457372
MA0765.2	39719	0.830470591457565	0.0616062544427875
MA0477.2	39719	0.742483270033874	0.0704168768494495
MA0148.4	39719	0.739195948091347	0.0793844084429399
MA0047.3	39719	0.761646899485609	0.0815397811447666
MA1103.2	39719	0.762392285334	0.0826734753015248
MA0481.3	39719	0.766605708961129	0.0835019065753891
MA0062.3	39719	0.778681155450063	0.0588432597618073
MA0035.4	39719	0.762926734906636	0.0726342733532047
MA0482.2	39719	0.761641072642312	0.0661182806120235
MA1104.2	39719	0.733555291832802	0.0737530332376243
MA1105.2	39719	0.745499799090351	0.0606065675152642
MA0043.3	39719	0.730817087287612	0.0702004438667828
MA0114.4	39719	0.742645622307285	0.0593940797647951
MA0484.2	39719	0.74847065150761	0.0581151006947474
MA0901.2	39719	0.711598757464849	0.0910474343988915
MA0490.2	39719	0.72657874085907	0.0726649362370071
MA0491.2	39719	0.730658848541849	0.0714250577484041
MA0039.4	39719	0.85456657914243	0.0780995906830348
MA1107.2	39719	0.770626454340825	0.0650411766891231
MA0700.2	39719	0.751765010927225	0.0866877440789687
MA0495.3	39719	0.708297687001207	0.0600672574108711
MA0659.2	39719	0.715573111710974	0.0574288725643459
MA0496.3	39719	0.714562819913857	0.056092734204529
MA0052.4	39719	0.710417438541051	0.0859610785915766
MA0620.3	39719	0.719508832567595	0.0597605206820698
MA1108.2	39719	0.82516325838682	0.0714397986300115
MA0499.2	39719	0.796935185733226	0.0534724002653569
MA0500.2	39719	0.795257843819591	0.0714023895044458
MA0056.2	39719	0.787470806089559	0.0538966746466001
MA0089.2	39719	0.708214793249661	0.0538978490676786
MA0025.2	39719	0.725920650490704	0.0773456435919241
MA0502.2	39719	0.776676573283638	0.0638592327565283
MA0063.2	39719	0.794693510219934	0.0626304517744802
MA1112.2	39719	0.778914327629308	0.0653567044105564
MA0679.2	39719	0.662870829301957	0.08859411133709
MA0712.2	39719	0.778159105508637	0.0684056141476649
MA1113.2	39719	0.715907369415922	0.0798495290987244
MA0681.2	39719	0.640922862538093	0.101974266213793
MA0782.2	39719	0.738643625554881	0.0573914944318079
MA0627.2	39719	0.717108465760861	0.0834391430429988
MA0508.3	39719	0.807791545600653	0.0677924820356438
MA0509.2	39719	0.745304567163943	0.0562480643750241
MA0798.2	39719	0.746483913135432	0.0547260419401142
MA0684.2	39719	0.784905195156243	0.0618700731427742
MA0743.2	39719	0.727749164948901	0.0520122238177405
MA0744.2	39719	0.73278906006161	0.0511345370577261
MA0745.2	39719	0.78143799943936	0.0556144810866971
MA0143.4	39719	0.781507496787216	0.072200329404252
MA0080.5	39719	0.720699476411848	0.0560346946505179
MA0081.2	39719	0.750668074425047	0.0535277403658862
MA0829.2	39719	0.735869620127313	0.0572969687455959
MA0522.3	39719	0.844531738586874	0.060904478845673
MA0830.2	39719	0.81191785968999	0.0591030029311987
MA0769.2	39719	0.783027075554526	0.0719526412649827
MA0090.3	39719	0.756027153720089	0.0592356728657679
MA0809.2	39719	0.774247803429119	0.060333609863628
MA0003.4	39719	0.789601081986302	0.0621357721136492
MA0814.2	39719	0.799635321031779	0.0650300852922417
MA1123.2	39719	0.781950606425278	0.0577026993003789
MA0093.3	39719	0.7412743468569	0.0589418620727582
MA0526.3	39719	0.740527089943503	0.060088601699777
MA0748.2	39719	0.798074136609597	0.0677433341994153
MA0528.2	39719	0.829315516452292	0.0713342235736425
MA0609.2	39719	0.699331315423788	0.0649653227014037
