[SHORT TFBS MATRIX]
MA0004.1	39719	0.826759564669762	0.0749456643424372
MA0069.1	39719	0.741335246399959	0.0428060699723234
MA0071.1	39719	0.785022087630632	0.0609462735829031
MA0074.1	39719	0.728612059002248	0.0423433041969397
MA0101.1	39719	0.840201263748911	0.0511366190548663
MA0107.1	39719	0.792873428093765	0.0590819816910215
MA0111.1	39719	0.845785536835535	0.0344001677403311
MA0115.1	39719	0.644067258263772	0.0482257624335179
MA0116.1	39719	0.80170809065113	0.0467335145932586
MA0119.1	39719	0.710086418813963	0.0529633336371289
MA0130.1	39719	0.934148476859855	0.0519362767882664
MA0142.1	39719	0.709756691425485	0.065232017045763
MA0149.1	39719	0.659943739812857	0.0576495708425233
MA0151.1	39719	0.829583573023467	0.101873522127219
MA0155.1	39719	0.836187735104761	0.04539205822161
MA0159.1	39719	0.776795347895851	0.0359966719584221
MA0163.1	39719	0.778285320858684	0.0551082862873001
MA0145.2	39719	0.815938178936422	0.0441169838850555
MA0468.1	39719	0.758475700288508	0.0718282142371098
MA0515.1	39719	0.826063689701812	0.0622584415741737
MA0258.2	39719	0.775768043569822	0.0438528729454541
MA0595.1	39719	0.824567955559848	0.0499941977515642
MA0596.1	39719	0.80415335276064	0.0519343887031897
MA0599.1	39719	0.907512604491425	0.0714751167970203
MA0604.1	39719	0.812752699034598	0.0618758627843166
MA0608.1	39719	0.802788242082228	0.0587029057522217
MA0613.1	39719	0.774484418545178	0.0891047221431858
MA0614.1	39719	0.80514454161058	0.082041420864564
MA0636.1	39719	0.747106411734864	0.0612988156742128
MA0641.1	39719	0.755974563224313	0.0584927204809455
MA0042.2	39719	0.80344401451455	0.079538798591386
MA0033.2	39719	0.836991994904224	0.0777392550543241
MA0153.2	39719	0.675768595463127	0.0777937408434972
MA0486.2	39719	0.702236774567322	0.0586700222537989
MA0653.1	39719	0.656453766880165	0.05438868209624
MA0655.1	39719	0.730436433137418	0.070301704435534
MA0660.1	39719	0.697215921182819	0.0796335968934632
MA0663.1	39719	0.742771847013321	0.059617192963031
MA0665.1	39719	0.779108614640996	0.0520031822616732
MA0667.1	39719	0.756772884510086	0.057151921532192
MA0669.1	39719	0.760008269540799	0.0535916105642233
MA0676.1	39719	0.795118733051941	0.0653628700629174
MA0678.1	39719	0.758629430029413	0.0551778868939824
MA0068.2	39719	0.766254303640615	0.079995082441561
MA0512.2	39719	0.693280025658571	0.0487951960976001
MA0083.3	39719	0.650877599166066	0.0536593395193154
MA0009.2	39719	0.671701551856679	0.0454580890932375
MA0689.1	39719	0.766857014021716	0.0527271762926367
MA0691.1	39719	0.761204112083566	0.062916614062774
MA0696.1	39719	0.755402663551563	0.0520602842716651
MA0713.1	39719	0.721458782141605	0.0851923854921796
MA0715.1	39719	0.684609720776971	0.0948989248026308
MA0724.1	39719	0.777302464225528	0.0729672680656551
MA0728.1	39719	0.681352123308388	0.0473584749632851
MA0729.1	39719	0.664538977577981	0.0445056884388153
MA0730.1	39719	0.685055027319795	0.0434600348101865
MA0731.1	39719	0.636676526324696	0.0482398913769959
MA0472.2	39719	0.789107993714164	0.0600795480192321
MA0736.1	39719	0.769539363601707	0.0495677143388363
MA0737.1	39719	0.721351482980941	0.0433198481473809
MA0741.1	39719	0.849851593871262	0.0751959752075166
MA0088.2	39719	0.721490367937731	0.0454782134089445
MA0758.1	39719	0.659384991923803	0.0522032658541908
MA0770.1	39719	0.716183824521912	0.0575144273188826
MA0771.1	39719	0.75120128099052	0.0509244072009912
MA0773.1	39719	0.704112064403803	0.0835769424667237
MA0774.1	39719	0.826322256651933	0.0640948005784511
MA0776.1	39719	0.713529333482074	0.0486987525218122
MA0777.1	39719	0.684425479828128	0.0454513536907116
MA0105.4	39719	0.690800967380773	0.0571450268547238
MA0780.1	39719	0.676058726132986	0.0871851258939771
MA0783.1	39719	0.69021232820168	0.0551009400751756
MA0787.1	39719	0.718035871221363	0.0819903586344117
MA0788.1	39719	0.711659100329968	0.0826081790379677
MA0789.1	39719	0.738053929845619	0.0847355716416085
MA0792.1	39719	0.764398467426017	0.081019737816214
MA0794.1	39719	0.730370399787844	0.0472169995318474
MA0795.1	39719	0.720345484451002	0.0530828769133704
MA0796.1	39719	0.662844811051137	0.0586928202234712
MA0797.1	39719	0.699488078336871	0.0539902593359426
MA0511.2	39719	0.801586577322627	0.0523119747965266
MA0801.1	39719	0.823730076662103	0.0534739451251646
MA0803.1	39719	0.800244434713565	0.057143141350362
MA0805.1	39719	0.795922471118029	0.0597176494922647
MA0806.1	39719	0.829806295200756	0.0520295033411113
MA0807.1	39719	0.841340397816949	0.0498692740972849
MA0808.1	39719	0.833125919783596	0.0604432738441978
MA0813.1	39719	0.792492233813313	0.062471829697058
MA0815.1	39719	0.785855044923568	0.0655650931692349
MA0816.1	39719	0.809062219360748	0.0583810333161151
MA0822.1	39719	0.705235918521581	0.0576783977495211
MA0823.1	39719	0.77811696683777	0.0678809553958679
MA0826.1	39719	0.737460690469766	0.0586662105142353
MA0827.1	39719	0.787916889851656	0.0500223948018059
MA0838.1	39719	0.743763246741343	0.055469083499488
MA0845.1	39719	0.74853951297459	0.0792071485081027
MA0032.2	39719	0.777180074638658	0.079647747078211
MA0848.1	39719	0.825216873819081	0.0761766166870298
MA0849.1	39719	0.808264553446623	0.0784265663931762
MA0850.1	39719	0.873879377491351	0.0583769151452549
MA0855.1	39719	0.689938810399589	0.0489703489182883
MA0856.1	39719	0.700208971820523	0.0484412938390656
MA0857.1	39719	0.650355177229295	0.0498878704410556
MA0858.1	39719	0.672485651036741	0.0466819247803355
MA0860.1	39719	0.665716522582935	0.0457186429490785
MA0525.2	39719	0.670302386746846	0.0433348731681266
MA0106.3	39719	0.683166916377055	0.0413277618585971
MA0862.1	39719	0.784186042809177	0.0578833685264061
MA0863.1	39719	0.70637897412071	0.0425747554422889
MA0024.3	39719	0.747363252048532	0.0500001952716583
MA0866.1	39719	0.653174837614193	0.0626033235830249
MA0870.1	39719	0.655040826660242	0.0621942893289242
MA0872.1	39719	0.780145750118709	0.067062284528171
MA1124.1	39719	0.66789699131612	0.0649758153629693
MA1155.1	39719	0.701982890315436	0.048232286823823
MA1127.1	39719	0.722177975097164	0.0680746833068955
MA1129.1	39719	0.734466025877997	0.066926196260143
MA1136.1	39719	0.751312946561548	0.0640785576988406
MA1420.1	39719	0.719036164309274	0.0453633565017129
MA1421.1	39719	0.731713542271418	0.058069670710685
MA1468.1	39719	0.823948265119747	0.0438229128339355
MA1485.1	39719	0.747391969930206	0.0499649865658728
MA1489.1	39719	0.716706739847428	0.0921756708706903
MA1493.1	39719	0.775999131783561	0.0478414080331055
MA1509.1	39719	0.760695890012206	0.052867086340897
MA1538.1	39719	0.711531209426963	0.0450149448736717
MA1539.1	39719	0.695861218264311	0.0458450208825221
MA1555.1	39719	0.738973388477375	0.0445277612518446
MA1556.1	39719	0.735620730003394	0.0467824883598398
MA1557.1	39719	0.754061941381371	0.0480832427829325
MA1570.1	39719	0.829506783171717	0.0540772672092053
MA1571.1	39719	0.721113038297067	0.0494834061934333
MA1572.1	39719	0.728261510597599	0.0493054396794903
MA1580.1	39719	0.735205050858832	0.0672100692066777
MA1587.1	39719	0.755102911067446	0.0514606201273448
MA1588.1	39719	0.695274604783477	0.0500618622109876
MA1594.1	39719	0.658277878211113	0.0365833547404845
MA1596.1	39719	0.747907085232834	0.0658548173437733
MA1597.1	39719	0.681203712931791	0.0439005271444546
MA0158.2	39719	0.826257626818727	0.0661961740738874
MA0912.2	39719	0.775550674910394	0.0735321467599555
MA0623.2	39719	0.758488748016635	0.0546012667960388
MA2093.1	39719	0.84510522751022	0.0652385717908954
MA2094.1	39719	0.767629592268475	0.0388793776843063
MA2095.1	39719	0.754000215097304	0.0645042468612853
MA2096.1	39719	0.812808481093024	0.0549807286049023
MA1715.1	39719	0.709478781604945	0.0453174906772387
MA2097.1	39719	0.739590267642641	0.053217821475666
MA2098.1	39719	0.788317883471417	0.0676410381925709
MA2099.1	39719	0.857769412590682	0.0643928772829845
MA1718.1	39719	0.625129578750857	0.0485482514099863
MA2100.1	39719	0.615888554099579	0.0447078220255696
MA2101.1	39719	0.734050581101315	0.0583542344198523
MA1684.1	39719	0.92443545046952	0.0751786505770085
MA2102.1	39719	0.735086654602794	0.0688836186296467
MA1931.1	39719	0.711428303904356	0.0504348407320794
MA1957.1	39719	0.725005657620256	0.0483181805577751
MA1962.1	39719	0.686656154188796	0.0647220560478938
MA1972.1	39719	0.805417696604833	0.0475746042799459
MA1980.1	39719	0.746205019985446	0.0440821308208634
MA1985.1	39719	0.733748332288608	0.0490998722941496
MA2117.1	39719	0.790928885028416	0.081373265066603
MA2118.1	39719	0.771038676555323	0.0808500159944918
MA2119.1	39719	0.826693663560103	0.0755119469558728
MA2120.1	39719	0.79515046050911	0.0463252429928835
MA2121.1	39719	0.805752540490437	0.0705298870252964
MA2122.1	39719	0.758943705054501	0.0572860040797374
MA2123.1	39719	0.813659095889914	0.0545940763366142
MA2124.1	39719	0.747117945872632	0.117817048374062
MA2125.1	39719	0.826728736196192	0.0609189771388754
MA2126.1	39719	0.813209870513236	0.0725937072508148
MA0079.5	39719	0.874772579804816	0.0949618301990853
MA0509.3	39719	0.672713536046434	0.054887885926678
MA0516.3	39719	0.886528468290314	0.0858890446507624
MA0607.2	39719	0.737135972254725	0.0544756424958393
MA0685.2	39719	0.887231466455409	0.087165720139496
MA0740.2	39719	0.891121862484585	0.0825901082367808
MA0742.2	39719	0.871827149333466	0.0913036976510952
MA0798.3	39719	0.678403138326047	0.0530525461063974
MA0818.2	39719	0.753445870138711	0.0537289829780604
MA0821.2	39719	0.794032235363006	0.0610229892093892
MA0831.3	39719	0.730365753632099	0.0647973413842666
MA0878.3	39719	0.756294223675946	0.0717906997321006
MA0884.2	39719	0.714617472270976	0.0721350617700591
MA1511.2	39719	0.87981455180016	0.0868631427711765
MA1532.2	39719	0.720459206910247	0.0419867494421093
MA1547.2	39719	0.795358699103085	0.0687323664698555
MA1563.2	39719	0.862365609616244	0.0632273112479032
MA1573.2	39719	0.704475370097689	0.0606806942659602
MA1601.2	39719	0.751995570356136	0.0469394707123063
MA1633.2	39719	0.754383946580213	0.0684142240991092
MA2323.1	39719	0.647472049777143	0.0575609689836461
MA2324.1	39719	0.828367640508113	0.0624695280663547
MA2325.1	39719	0.792237705727345	0.0571864079127595
MA2326.1	39719	0.88790283995704	0.0767446103330015
MA2327.1	39719	0.769165275517843	0.0817788431474004
MA2328.1	39719	0.819634647670624	0.0962011467779362
MA2329.1	39719	0.805212890159717	0.0666032130052008
MA2330.1	39719	0.781421222316217	0.0658393045235918
MA2331.1	39719	0.643510540576352	0.0402887764023005
MA2332.1	39719	0.796353353647398	0.0651002864899429
MA2333.1	39719	0.753028480115053	0.0947758529396998
MA2334.1	39719	0.710979684826038	0.0487660852817936
MA2335.1	39719	0.599228613507466	0.0545854356093246
MA2336.1	39719	0.819864972587199	0.0675687825720866
MA2337.1	39719	0.881459471463058	0.0699139753910587
MA2338.1	39719	0.815171922486171	0.0671367467945917
MA2339.1	39719	0.799837793159962	0.0667552102735061
MA2340.1	39719	0.778608665746911	0.0607098569908039
MA2341.1	39719	0.866202839574576	0.0601615288708374
MA0619.2	39719	0.809811194340783	0.0991881286709648
MA0006.2	39719	0.899005534007201	0.0798232121810035
MA0854.2	39719	0.747316633312544	0.0891991036515999
MA0634.2	39719	0.825237913825342	0.0897570649318842
MA0853.2	39719	0.719866755818557	0.0699274926921574
MA0690.3	39719	0.76538478582555	0.0506662626778884
MA0007.4	39719	0.70228541713099	0.0466308673036266
MA1463.2	39719	0.732479315280622	0.0953383447303674
MA0601.2	39719	0.783581315853111	0.113520403916031
MA0602.2	39719	0.755078006590607	0.0947166138591944
MA0259.2	39719	0.886001280640346	0.0807022457432605
MA1464.2	39719	0.78423471154433	0.0719223459526325
MA0603.2	39719	0.793397798594978	0.0669389987216687
MA0874.2	39719	0.741943923888647	0.0775497809764112
MA1100.3	39719	0.861514205307581	0.0573554885442389
MA1631.2	39719	0.828199014271729	0.0600888575626505
MA1632.2	39719	0.753708619310329	0.0729782297016955
MA1988.2	39719	0.799320495063161	0.0780489547087671
MA0605.3	39719	0.716918129073173	0.0738227479377046
MA0833.3	39719	0.743448575790732	0.065495423173889
MA1466.2	39719	0.713877849245248	0.048857317303807
MA0834.2	39719	0.704932426715993	0.0720967172594224
MA0461.3	39719	0.807632764594814	0.0579641046346047
MA1467.3	39719	0.824355713168564	0.066563848001044
MA0591.2	39719	0.751051774425079	0.0495754420493162
MA0496.4	39719	0.751197435000214	0.0615816200454985
MA1101.3	39719	0.728553085254939	0.0593291949841215
MA1470.2	39719	0.672716967227195	0.0492807189974837
MA0877.4	39719	0.823275529750419	0.0725214264812329
MA0635.2	39719	0.863847894667207	0.0737790949356522
MA0875.2	39719	0.842380962228243	0.0868235113965742
MA1471.2	39719	0.784090336287534	0.0853497217318522
MA1634.2	39719	0.794530876542639	0.0808666992487948
MA0462.3	39719	0.795039801457072	0.0804965704537287
MA0489.3	39719	0.769058649813818	0.074748124765208
MA0488.2	39719	0.776847975469522	0.0659481465276219
MA0835.3	39719	0.799111040905026	0.0789639625956204
MA1989.2	39719	0.763424728659904	0.0683812923105608
MA0463.3	39719	0.721623789419805	0.0487784397117184
MA1472.3	39719	0.802854072691026	0.0634598366039473
MA1635.2	39719	0.839019405067287	0.0891948347379071
MA0817.2	39719	0.735498288878991	0.0592857719129356
MA0464.3	39719	0.790773810612107	0.0681461638971912
MA1928.2	39719	0.789862276840799	0.0808880221655815
MA0876.2	39719	0.85694186802009	0.084624643348619
MA0465.3	39719	0.76063623141644	0.0817647421747112
MA1473.2	39719	0.769189735055216	0.0795379245818801
MA0102.5	39719	0.740753389744535	0.0668886791729252
MA0466.4	39719	0.711774142701836	0.0550128275027436
MA0836.3	39719	0.772806990919549	0.0728320542559279
MA0837.3	39719	0.714434155495517	0.0552083731950617
MA1636.2	39719	0.744308296206096	0.0657755645329018
MA0819.3	39719	0.826215454420935	0.0640506913457727
MA0018.5	39719	0.77068616815903	0.0828238346777138
MA0638.2	39719	0.744513353592615	0.0515928562455995
MA0839.2	39719	0.718643149395019	0.0480513314020446
MA1474.2	39719	0.788594901223919	0.0520485007652846
MA1475.2	39719	0.786440695513819	0.062763448563372
MA0840.2	39719	0.727599851664199	0.0734045100871658
MA0609.3	39719	0.720154523618034	0.0706714881405804
MA0467.3	39719	0.799205512904855	0.0871114010409051
MA0139.2	39719	0.78664894054563	0.049932963452934
MA1929.2	39719	0.67398363543326	0.0406117707060712
MA1930.2	39719	0.666599089929231	0.0397928876838524
MA1102.3	39719	0.841782565934006	0.0715375150275006
MA0754.3	39719	0.728152050321154	0.0664984318399129
MA0650.4	39719	0.776970165121104	0.0814772904750245
MA0901.3	39719	0.746233425692133	0.0910079572848503
MA0755.2	39719	0.723671449213145	0.0745508615372196
MA0639.2	39719	0.750320940158324	0.0686974473728211
MA0019.2	39719	0.80797336404009	0.0482926619205846
MA0879.3	39719	0.853060237338384	0.0759059546399528
MA0885.3	39719	0.759370713320833	0.0707337695641527
MA0880.2	39719	0.829758388309699	0.0870146763643427
MA0881.2	39719	0.834642934842565	0.084119238389142
MA1476.3	39719	0.759348941456809	0.071931460498332
MA0882.2	39719	0.83388921047212	0.0859683532810176
MA0883.2	39719	0.77930310158863	0.0618000072150973
MA1603.2	39719	0.748440189032718	0.0799607952537891
MA0610.2	39719	0.80549987902743	0.0689246411404493
MA1707.2	39719	0.784354218659972	0.0626133367331978
MA1478.2	39719	0.893600889496409	0.0588172597275018
MA1479.2	39719	0.75211535403341	0.0607243104251784
MA1480.2	39719	0.771660129269535	0.0624689392947021
MA1481.2	39719	0.82315308114114	0.092210878984333
MA0611.3	39719	0.695856549810597	0.0777625648341378
MA0864.3	39719	0.74918258129974	0.0492311805476351
MA0469.4	39719	0.668888506225692	0.0478665869996372
MA0756.3	39719	0.75868156183867	0.0637263974397375
MA0470.3	39719	0.731054143121614	0.0488761116343696
MA0471.3	39719	0.855430766895782	0.0652594439913714
MA0865.3	39719	0.825761515999243	0.0598518973699835
MA0154.5	39719	0.765054952715522	0.0586921415652662
MA1604.2	39719	0.788883100020259	0.0632034008501185
MA1637.2	39719	0.789220415491672	0.0655643675646146
MA0162.5	39719	0.815771332099608	0.0758462600402079
MA0732.2	39719	0.773391325330415	0.074496448518624
MA0733.2	39719	0.794184144035338	0.067825154038528
MA0598.4	39719	0.821595150697423	0.0640616948993668
MA0473.4	39719	0.807202156225422	0.0643244473898514
MA1483.3	39719	0.811843391473832	0.0592669247825685
MA0640.3	39719	0.821187696305052	0.0623968383963725
MA0136.4	39719	0.834919479145062	0.0638025165992812
MA0028.3	39719	0.787164822568221	0.066269559812747
MA0800.2	39719	0.7877810432682	0.0543899772175966
MA1708.2	39719	0.853419629931232	0.0588629122506744
MA1495.2	39719	0.842770616335206	0.0797146544780418
MA1932.2	39719	0.710784001272425	0.0450294357920657
MA0779.2	39719	0.732103636588624	0.0372533575409176
MA0014.4	39719	0.809545183933053	0.0584843534668353
MA0781.2	39719	0.705934008206275	0.0396450444050358
MA0686.2	39719	0.785914193476595	0.0536887475166082
MA1933.2	39719	0.726446589269861	0.047861349936715
MA0828.3	39719	0.71081576340096	0.0642964714717179
MA0843.2	39719	0.740791858072598	0.067079993112747
MA0759.3	39719	0.793638467459308	0.0666286871611516
MA0076.3	39719	0.839941085754352	0.064277365469402
MA0612.3	39719	0.800629211824266	0.0929443611282828
MA0886.2	39719	0.80064248287308	0.0952968994542987
MA0027.3	39719	0.839454921204477	0.0878909480745312
MA0642.3	39719	0.829420158053152	0.0761554460101794
MA0760.2	39719	0.817298656792494	0.0565107963555282
MA1934.2	39719	0.769086154007265	0.0491837968012204
MA0820.2	39719	0.897918149445023	0.0628557208337816
MA1935.2	39719	0.850568293050351	0.0495126264623715
MA1936.2	39719	0.82095712650312	0.0437065993147783
MA0480.3	39719	0.799975893634674	0.0774457876265796
MA1937.2	39719	0.780753663538001	0.0466432571433576
MA0058.4	39719	0.816079271035778	0.0804730418317233
MA1938.2	39719	0.744029996247347	0.0432453051403863
MA0048.3	39719	0.816958595752846	0.0633918007475258
MA1939.2	39719	0.71555539806573	0.0409998869978796
MA0474.4	39719	0.800439464279451	0.0608248245344744
MA0112.4	39719	0.693560203043601	0.0474141989312764
MA0592.4	39719	0.760932263679735	0.061051118404879
MA0141.4	39719	0.740351816339293	0.0601295528140327
MA0643.2	39719	0.795069006296438	0.0552642545048111
MA0644.3	39719	0.80817513738564	0.0846992034245578
MA0098.4	39719	0.830955171234446	0.0587627203955838
MA1484.2	39719	0.831138886498204	0.0582315848616659
MA0761.3	39719	0.808807248861064	0.0637379016856923
MA0762.2	39719	0.801903647613221	0.0588113725929207
MA1940.2	39719	0.743069132303702	0.0515790101273655
MA1941.2	39719	0.756350475739827	0.0484611734290846
MA1942.2	39719	0.803439642504694	0.0548224190295184
MA1943.2	39719	0.75156921623727	0.0474946083706469
MA0763.2	39719	0.822703246769177	0.0539977993731573
MA0764.4	39719	0.820305015679615	0.061620882105821
MA0765.4	39719	0.787395229422373	0.0652743326753628
MA1944.2	39719	0.75971733670232	0.0470456067503306
MA1945.2	39719	0.761612007641714	0.0482786500165572
MA1946.2	39719	0.795807782869514	0.0438798000055365
MA1947.2	39719	0.825561302988998	0.0466426900327243
MA1948.2	39719	0.767939343778977	0.0440021960430596
MA0900.3	39719	0.794861003335146	0.0962892407557006
MA0645.2	39719	0.835708324378108	0.062079342958198
MA0887.2	39719	0.844072883600988	0.0840928558038654
MA0888.2	39719	0.843443970354423	0.0833904560476914
MA0156.4	39719	0.786885483549986	0.0640491451173692
MA0475.3	39719	0.813676740727096	0.0604376686288184
MA1949.2	39719	0.732461361687871	0.0452523892813914
MA1950.2	39719	0.781999676179641	0.0568397194273036
MA0476.2	39719	0.779097624615123	0.0782129134942852
MA1951.2	39719	0.696779156569534	0.0613340820309063
MA0099.4	39719	0.782313972947097	0.0668357564461363
MA1126.2	39719	0.746933075745504	0.0659353281328483
MA1134.2	39719	0.766557203133261	0.069082684036378
MA1140.3	39719	0.700307412684354	0.0671092755894837
MA0490.3	39719	0.734654039938415	0.0738822229775843
MA1141.2	39719	0.772507512289805	0.0686223517431101
MA0492.2	39719	0.777308283927549	0.0634880590137411
MA0491.3	39719	0.735933656511941	0.0731460875219463
MA1135.2	39719	0.773495028541662	0.0695638772135542
MA0477.3	39719	0.748722014614149	0.072356547196031
MA1128.2	39719	0.777690947168695	0.0677927881805697
MA1137.2	39719	0.779276499216501	0.0661836069151968
MA1142.2	39719	0.824464626278535	0.063091815281128
MA1143.2	39719	0.791785809113978	0.0635713922875664
MA0478.2	39719	0.794408036631192	0.0621766890107334
MA1130.2	39719	0.781201350411468	0.0684898405021327
MA1131.2	39719	0.751567870258136	0.0696616094993785
MA1138.2	39719	0.767283266935388	0.0714387883362702
MA1139.2	39719	0.722866896125363	0.0735103161158508
MA1144.2	39719	0.771511668364154	0.0689273547140925
MA1145.2	39719	0.74702334440183	0.0711366542476113
MA0148.5	39719	0.759019529328231	0.0804180914973861
MA0047.4	39719	0.784567885308473	0.0826421674198824
MA1683.2	39719	0.786859934792097	0.0838216632235776
MA0846.2	39719	0.779265399446973	0.0780393972441811
MA0031.2	39719	0.79771883546924	0.0801311997560002
MA0847.4	39719	0.764966876759291	0.0775382881383174
MA0041.3	39719	0.740097686586718	0.0773661819410043
MA1487.3	39719	0.751093202338318	0.0754680313126764
MA1606.2	39719	0.797527389768663	0.0881696924962449
MA0030.2	39719	0.768579199382278	0.0764606749687702
MA0479.2	39719	0.790028979136024	0.073233916766606
MA1952.2	39719	0.803633219385071	0.0570839100808951
MA0682.3	39719	0.817719340776746	0.0778678124986289
MA0851.2	39719	0.772512515239012	0.0824937728716751
MA0852.3	39719	0.801669725392827	0.0802125059992963
MA1103.3	39719	0.787047745202162	0.0856045136197777
MA1607.2	39719	0.739382419647195	0.0824840544963135
MA1953.2	39719	0.772155176676536	0.0510276323622381
MA1954.2	39719	0.767569014396474	0.0541837203510018
MA1955.2	39719	0.76131511854312	0.0531632074533146
MA1956.2	39719	0.752119082414556	0.0536468829805372
MA0157.4	39719	0.796998027613172	0.0819054252769068
MA0481.4	39719	0.79056691796912	0.0842685937051665
MA0593.2	39719	0.795039531079319	0.0806885369232315
MA0040.2	39719	0.765299847645134	0.0777495613113553
MA0062.4	39719	0.789400970173045	0.0611608514982761
MA0035.5	39719	0.797487993239829	0.0744915030586993
MA0140.3	39719	0.734434668395543	0.0580000935203366
MA0036.4	39719	0.790949022160245	0.0794189775801159
MA0037.5	39719	0.772532470271265	0.0729621300564039
MA0482.3	39719	0.783468981223963	0.0678329555631104
MA0766.3	39719	0.821979029249289	0.0685923525552772
MA1104.3	39719	0.771952741667459	0.0745294424856453
MA0889.2	39719	0.798363280129789	0.0885990122028998
MA0890.2	39719	0.810875584686104	0.0944546664600763
MA0646.2	39719	0.787930106864597	0.04635083022911
MA0143.5	39719	0.81160553163984	0.0747151951630888
MA0767.2	39719	0.828317356032666	0.0497574809064582
MA0038.3	39719	0.768000061715572	0.0579752541614805
MA0483.2	39719	0.809677455185768	0.0582100734357155
MA1990.2	39719	0.771203934980432	0.0524664319924339
MA0734.4	39719	0.795919896943814	0.0547157548394077
MA1491.3	39719	0.705765790616141	0.0457573643484783
MA0735.2	39719	0.68378748764323	0.0469999406202413
MA0615.2	39719	0.865069965775157	0.0628703939975492
MA0647.2	39719	0.724035721307084	0.0606966211368663
MA1105.3	39719	0.779488113059731	0.063194839214064
MA0648.2	39719	0.820017569104337	0.084072375492855
MA0891.2	39719	0.840939271639369	0.0737894537885255
MA0892.2	39719	0.863868934458649	0.0734115223871711
MA0893.3	39719	0.866781483762047	0.0650027381607654
MA0092.2	39719	0.859488276851953	0.0457265675342559
MA0522.4	39719	0.858526063654149	0.0629840733916929
MA1638.2	39719	0.852555905929532	0.0667950167705815
MA1099.3	39719	0.841743925011108	0.0753483326127055
MA0616.3	39719	0.796744395552899	0.0721516419657135
MA0894.2	39719	0.806469878100481	0.0987381885985966
MA0649.2	39719	0.803604936399129	0.060598084075414
MA0739.2	39719	0.849482634900382	0.0489548049274368
MA0738.2	39719	0.925698310298858	0.0518941915828087
MA1106.2	39719	0.828979368475668	0.0708634676590456
MA0131.3	39719	0.838479636741532	0.0647490709352489
MA0043.4	39719	0.744994404292189	0.0751435762466557
MA0895.2	39719	0.822550499147708	0.0708624048762053
MA0896.2	39719	0.757247059711398	0.0690959157775685
MA0897.2	39719	0.70787904663484	0.064146970770463
MA0898.2	39719	0.757790333011161	0.0706166868900733
MA1991.2	39719	0.76734294101013	0.0601294014814447
MA0046.3	39719	0.688317663209592	0.0787410176107631
MA1494.2	39719	0.700674113366868	0.0476662706391058
MA0114.5	39719	0.758159235506861	0.0619507677030625
MA0484.3	39719	0.762994987249194	0.0606407746649415
MA0899.2	39719	0.787288795069001	0.0841309550747207
MA0911.2	39719	0.786095173122268	0.0632526421978361
MA1496.2	39719	0.868707382901081	0.0576096122564743
MA1497.2	39719	0.842089612186552	0.0670392356252728
MA1498.3	39719	0.867753386501368	0.0779220317426881
MA0594.3	39719	0.850514450668134	0.0552213216189133
MA0902.3	39719	0.849800893782599	0.0848918887265116
MA1566.3	39719	0.786411432921689	0.0532367129725083
MA0903.2	39719	0.854130466710835	0.0834366557414965
MA1499.2	39719	0.824160060772888	0.0884530442694049
MA0904.3	39719	0.824645207713966	0.0843877001511491
MA1500.2	39719	0.861076694705951	0.0619652831649852
MA1501.2	39719	0.827207726827512	0.06511028766776
MA1502.2	39719	0.833995990864997	0.0773049519823396
MA1503.2	39719	0.755195508570635	0.0672655143037061
MA0905.2	39719	0.789815967067719	0.0711358959152026
MA0651.3	39719	0.700372219808657	0.0604195874624977
MA0906.2	39719	0.737716961393375	0.0628024867482997
MA0907.2	39719	0.740673877192505	0.0701851324204235
MA1504.2	39719	0.84669337881664	0.0829994099512585
MA1505.2	39719	0.859741581927931	0.0733928762203903
MA0485.3	39719	0.740652295098658	0.0691288153766133
MA1506.2	39719	0.737648569977793	0.0614987999773031
MA0908.2	39719	0.773374071621511	0.0717563395827151
MA0873.2	39719	0.749158262128591	0.0603115215895133
MA1958.2	39719	0.699577227117559	0.0505118783939955
MA0909.4	39719	0.77423699479533	0.0932667330802111
MA1507.2	39719	0.839846062405363	0.085577447921805
MA0910.3	39719	0.834732882075557	0.0767785703737879
MA0913.3	39719	0.770508807515045	0.0820213461829513
MA1508.2	39719	0.820500919093311	0.0658131948564785
MA1992.2	39719	0.820722720398323	0.0605604999434218
MA0050.4	39719	0.738036022947153	0.0752788731886148
MA0051.2	39719	0.730936600435475	0.0535637819176916
MA1418.2	39719	0.684293608541512	0.0555149469505673
MA1419.2	39719	0.669961928482212	0.0525441304172141
MA0772.2	39719	0.722545548058843	0.0649148287097476
MA0652.2	39719	0.685520488010179	0.0537313934994854
MA1608.2	39719	0.792967255980299	0.0726977088956653
MA0914.2	39719	0.870887977672587	0.0670543110065221
MA0654.2	39719	0.805456287837566	0.096710483945068
MA0656.2	39719	0.720345371131736	0.072955812137891
MA1132.2	39719	0.814852134243627	0.0630415765752956
MA1133.2	39719	0.74254259514057	0.0633128924163222
MA0493.3	39719	0.903635625792477	0.08644468078886
MA1512.2	39719	0.852350319728052	0.0694356995195168
MA0657.2	39719	0.725302094058085	0.049060743979463
MA1513.2	39719	0.865690268875557	0.109635974309796
MA1514.2	39719	0.765808571242805	0.0547439577505576
MA1515.2	39719	0.895482145635226	0.0768320516110174
MA1516.2	39719	0.827362830905931	0.0724959641679978
MA0039.5	39719	0.872563748582135	0.0796419648919154
MA1517.2	39719	0.867993565805143	0.0663613002359241
MA1959.2	39719	0.894666683022148	0.0891299314962217
MA1107.3	39719	0.793981641476595	0.066787928244488
MA0618.2	39719	0.819134997360263	0.0718541844472523
MA0699.2	39719	0.838419599461933	0.0802934987713736
MA0768.3	39719	0.778699053819996	0.0699117837885175
MA1518.3	39719	0.718508813090646	0.0686585843476538
MA0700.3	39719	0.793725263535992	0.0953358056767659
MA0135.2	39719	0.730242639140847	0.0858244130341207
MA0704.2	39719	0.831463217578171	0.0837278694980603
MA1519.2	39719	0.790283888413642	0.0882573485322875
MA0658.2	39719	0.778575121106675	0.0753591510822913
MA0705.2	39719	0.843289556218279	0.080474893328116
MA0701.3	39719	0.791688349759088	0.0835354862664445
MA0702.3	39719	0.7471979087156	0.0996771862054122
MA0703.3	39719	0.704820259261144	0.10456553325268
MA1520.2	39719	0.734980710203606	0.0460577819999271
MA0501.2	39719	0.747130663638108	0.0539523526469969
MA0841.2	39719	0.719010258857427	0.0658385703612593
MA1521.2	39719	0.741866570343457	0.0461290982602022
MA0117.3	39719	0.785658839360075	0.0546916101949506
MA0495.4	39719	0.734007313057106	0.0602128376930906
MA0659.4	39719	0.725873283379506	0.0540312969391177
MA0089.3	39719	0.731627147771709	0.056180208950168
MA0059.2	39719	0.771881778296218	0.0552737502213748
MA0147.4	39719	0.797523811028465	0.0660725720329696
MA1522.2	39719	0.869059734553398	0.0849256189795095
MA0029.2	39719	0.72647709441059	0.0658839197788213
MA0052.5	39719	0.729428311592858	0.0880588759809966
MA0497.2	39719	0.767858586515482	0.075421750893118
MA0498.3	39719	0.915383643275711	0.065466985164301
MA1639.2	39719	0.751859275266512	0.0737854638626646
MA1640.2	39719	0.737529387557163	0.0815153832215596
MA0775.2	39719	0.865173151836215	0.0607368523525585
MA0661.2	39719	0.814957700232346	0.0761987222624493
MA0706.2	39719	0.82311619055041	0.0731006686977859
MA1960.2	39719	0.75146400657849	0.0566210855664806
MA0620.4	39719	0.742994270870589	0.0647349101080968
MA0621.2	39719	0.718384205155834	0.114946245700854
MA0662.2	39719	0.83469001434139	0.0857339032128533
MA0622.2	39719	0.775892310145438	0.100246781204594
MA0664.2	39719	0.800008294271699	0.0680103661520454
MA0825.2	39719	0.825532209160727	0.0733263957422444
MA0707.3	39719	0.854181809664813	0.0830966226739838
MA1523.2	39719	0.856903453191926	0.0612326391345546
MA1524.3	39719	0.770572729098401	0.0559656182768214
MA0666.3	39719	0.819679405335222	0.0884524927335535
MA0708.3	39719	0.828798800287255	0.084274987437832
MA0709.2	39719	0.804561075455934	0.0954999622183588
MA1108.3	39719	0.836173752706935	0.0769210703180407
MA0100.4	39719	0.84498419228037	0.0668881064935889
MA0104.5	39719	0.78105009149644	0.0649687005081465
MA1641.2	39719	0.79655900943968	0.0667268520201925
MA0499.3	39719	0.810626774802807	0.0561816889544687
MA0500.3	39719	0.821289034155429	0.0755212291232077
MA0056.3	39719	0.809187580220951	0.0577147409391996
MA1109.2	39719	0.820835114697791	0.0589957487887607
MA1993.2	39719	0.843210356844997	0.0865278159473511
MA0668.3	39719	0.818110139304375	0.0589349798308487
MA1642.2	39719	0.829580389610877	0.065439574738752
MA0606.3	39719	0.800822085728998	0.0717203027896
MA0624.3	39719	0.85584533770001	0.0800293850782403
MA0152.3	39719	0.792815281301337	0.0743618471134176
MA0625.3	39719	0.920023062211916	0.0520072610218634
MA1525.3	39719	0.829366075087676	0.0638846826875505
MA0150.3	39719	0.744543040960265	0.055097330302174
MA0670.2	39719	0.823312940070663	0.083705664872334
MA1643.2	39719	0.691728780877758	0.0506016187941817
MA0161.3	39719	0.821216228822143	0.0659835099818404
MA1527.2	39719	0.719651268575266	0.054831684991753
MA0025.3	39719	0.743731635701271	0.080376964407338
MA0671.2	39719	0.920526465370079	0.0476374940812731
MA1528.2	39719	0.739236878176585	0.0552930892499769
MA0778.2	39719	0.737242906667058	0.0620326066202496
MA0060.4	39719	0.811227203600252	0.0722453888930069
MA0502.3	39719	0.801519713611139	0.0672341779421836
MA1644.2	39719	0.82113019592519	0.0760231485422853
MA1529.2	39719	0.727988891725583	0.054039511469866
MA1994.2	39719	0.79496046433124	0.0711193570208704
MA1645.2	39719	0.804835837760105	0.0558280863878913
MA0672.2	39719	0.843227247337233	0.0539890015898585
MA2003.2	39719	0.864199044445766	0.046837024057647
MA0063.3	39719	0.810882857836117	0.0670440947802765
MA0673.2	39719	0.874300250954998	0.0456890316990963
MA0124.3	39719	0.829930084484065	0.062364160998841
MA0122.4	39719	0.751945605783562	0.0673133161649522
MA0674.2	39719	0.822279080232039	0.0782488090246726
MA0675.2	39719	0.850270681617303	0.0879327195298633
MA1530.2	39719	0.826492695970909	0.0698469741764211
MA0125.2	39719	0.833626178995365	0.0851723527571374
MA0710.2	39719	0.823704469062348	0.0828673151575827
MA0626.2	39719	0.810602063614771	0.0654491764425089
MA1995.2	39719	0.801076930088065	0.0583806240417543
MA1531.2	39719	0.749475401357671	0.0421625005011751
MA1996.2	39719	0.843341533332386	0.0747573771362156
MA0494.2	39719	0.779833892014748	0.0391197300440082
MA1110.3	39719	0.853137385511162	0.0701087748141915
MA1146.2	39719	0.741486613999982	0.0411100017490707
MA1533.2	39719	0.772182868525027	0.0378379839431041
MA1534.2	39719	0.820772553142702	0.0606109575947386
MA1535.2	39719	0.899010725916787	0.0621421650381773
MA0504.2	39719	0.805704284276065	0.0414889159104475
MA1536.2	39719	0.932429896835157	0.0433258339809492
MA0164.2	39719	0.787332929036955	0.087309012230793
MA0017.3	39719	0.786330812702565	0.0568269477046759
MA1537.2	39719	0.730582041658438	0.0450811093895928
MA1111.2	39719	0.814535459915677	0.068062249074684
MA0677.2	39719	0.718048089196121	0.0472425069040984
MA0113.4	39719	0.696465145219084	0.0522042923432143
MA0727.2	39719	0.697603979780001	0.0522534097969749
MA1112.3	39719	0.794291227214038	0.0669498817687806
MA0160.3	39719	0.826088119032462	0.0566757745063513
MA1147.2	39719	0.758441267387891	0.0409107815692706
MA1540.3	39719	0.719209993273177	0.0539182358379141
MA0505.3	39719	0.770590095364672	0.0587708778610428
MA1541.2	39719	0.733279250230551	0.0460212954971114
MA0506.3	39719	0.766859768852016	0.0825667604279636
MA0842.3	39719	0.760272658322069	0.0546442730159813
MA1997.2	39719	0.847996680120398	0.0838757771601399
MA0679.3	39719	0.715070035273081	0.08813429578747
MA0757.2	39719	0.6797154515733	0.0836634297218265
MA1542.2	39719	0.82235026171486	0.0513457297385407
MA1646.2	39719	0.822119628152394	0.0602777246651535
MA0711.2	39719	0.839152152162764	0.0712602595286459
MA0712.3	39719	0.807540705731933	0.0768833392259502
MA1544.2	39719	0.728684867319746	0.057809844128034
MA1545.2	39719	0.784340810249214	0.0598019481668811
MA1961.2	39719	0.870485214592896	0.0895361186300682
MA0067.3	39719	0.756366799313774	0.0379050432648378
MA1546.2	39719	0.730710492431758	0.0416977287120493
MA0680.3	39719	0.677580300149701	0.0935501240217749
MA0070.2	39719	0.77198760366793	0.0625403030217931
MA1113.3	39719	0.730447753491089	0.0834434439233
MA1114.2	39719	0.744129709281079	0.0551321143465453
MA0132.3	39719	0.820935818908501	0.0957584655520583
MA0681.3	39719	0.659352821031648	0.0995276908863189
MA0714.2	39719	0.839372784241571	0.0723988030830155
MA0782.3	39719	0.754548857747573	0.0603297049288722
MA1615.2	39719	0.825364830116615	0.0668055222976866
MA1548.2	39719	0.833954007237898	0.0786232654772473
MA0784.3	39719	0.669106104790809	0.0761050550262284
MA0785.2	39719	0.758894913277308	0.079532453077869
MA0507.3	39719	0.680588440397496	0.0782953006512005
MA0627.3	39719	0.736920932268861	0.0835534533129279
MA0786.2	39719	0.746324785000789	0.0856243363404238
MA0790.2	39719	0.691736435255263	0.0916866961780474
MA0683.2	39719	0.64490502511289	0.0756431549162249
MA0791.2	39719	0.685708908411636	0.0924979112129707
MA1115.2	39719	0.796422804009182	0.0852719923307618
MA0628.2	39719	0.753150393622352	0.10473610373544
MA1549.2	39719	0.812925029752675	0.0719895182672758
MA0793.2	39719	0.758301665168139	0.0746459532151939
MA1148.2	39719	0.736740025796706	0.0399771569666639
MA1550.2	39719	0.730780068409791	0.0449768451787595
MA0066.2	39719	0.721403041796516	0.0378705983067502
MA0065.3	39719	0.806466138237017	0.043368329451278
MA0508.4	39719	0.835765875095928	0.0732150220972991
MA1998.2	39719	0.788046568965201	0.0559737307424808
MA1616.2	39719	0.755609060753533	0.0518903761097403
MA1647.3	39719	0.7614425910967	0.0563496033430521
MA1999.2	39719	0.756485978484198	0.0495349046855993
MA1723.2	39719	0.802934152907325	0.0529421297272348
MA0716.2	39719	0.820990810291144	0.0964446101006569
MA0075.4	39719	0.765887797300287	0.0951172553869979
MA1618.2	39719	0.789818921539129	0.0610926549494211
MA1619.2	39719	0.807128347026898	0.0670464648420064
MA1620.2	39719	0.813059089654464	0.0614098059278423
MA1149.2	39719	0.773542100336111	0.0407614441012832
MA1552.2	39719	0.739145645536912	0.0434716532993266
MA0859.2	39719	0.675641144288549	0.048983424438891
MA1553.2	39719	0.722969025556707	0.0449997981671858
MA0718.2	39719	0.825060547485392	0.095770464581751
MA0717.2	39719	0.83146093698361	0.0890061066187398
MA1116.2	39719	0.868982559230562	0.0737282632216653
MA1117.2	39719	0.824884847351824	0.0654433569742708
MA0138.3	39719	0.675534113037822	0.041906987720493
MA0600.3	39719	0.695087762324207	0.0581427742745789
MA0799.3	39719	0.695854449691491	0.0544462128110558
MA0510.3	39719	0.687413501219085	0.056984661468244
MA1724.2	39719	0.779776229702273	0.0577718366603325
MA1554.2	39719	0.872969853440523	0.0432511985424138
MA0629.2	39719	0.812781321166213	0.0564746255496435
MA0719.2	39719	0.928400658750151	0.0497350188961888
MA0072.2	39719	0.741192386315722	0.0613820564200461
MA1150.2	39719	0.799185373573333	0.0537220671068946
MA1151.2	39719	0.816405233491109	0.0489204636438309
MA0073.2	39719	0.770965530228323	0.0510059440607404
MA0002.3	39719	0.837564163363106	0.051340814450927
MA0684.3	39719	0.80387934605674	0.0629701639617019
MA1963.2	39719	0.748491831996033	0.0932597896061612
MA0743.3	39719	0.761669985887337	0.0552020843825088
MA0744.3	39719	0.76248361898716	0.0545561379236415
MA0630.2	39719	0.824669673109918	0.0975508990037739
MA0720.2	39719	0.816378705811269	0.0977343625376913
MA1118.2	39719	0.775746014401182	0.0630100323588721
MA1119.2	39719	0.733511364695215	0.0604845801645304
MA0631.2	39719	0.725093103886814	0.0543357336883305
MA2001.2	39719	0.808613845491662	0.0703313307897515
MA1964.2	39719	0.871334927094517	0.0630480012967508
MA1153.2	39719	0.838391199896432	0.0620916813240695
MA1558.2	39719	0.863653266382253	0.0611687927518979
MA0745.3	39719	0.812671313748577	0.0613193637599208
MA1559.2	39719	0.815695519462296	0.0572281801419129
MA1560.2	39719	0.786894636424624	0.0658778480605181
MA0442.3	39719	0.838688619346932	0.0856631377508261
MA0869.3	39719	0.806656682993673	0.06555228151363
MA1561.2	39719	0.735677013586395	0.0568412932036365
MA1120.2	39719	0.80542662896115	0.0775974050503773
MA1562.2	39719	0.753417880044423	0.0633473044579329
MA1152.2	39719	0.863767036606648	0.0775769404091442
MA0078.3	39719	0.749601274509108	0.0664150333687668
MA0514.3	39719	0.810143373268708	0.0747310679127912
MA0867.3	39719	0.835661386511165	0.0731993118491691
MA0087.3	39719	0.796631350105574	0.0644541954015006
MA0868.3	39719	0.825067109727428	0.0822397838105113
MA0077.2	39719	0.815834420253918	0.0642664877928477
MA0746.3	39719	0.838901261313434	0.0756965991337235
MA1965.2	39719	0.916300420001273	0.0872868767214148
MA0747.2	39719	0.859921960191819	0.0598541698681203
MA1564.2	39719	0.862407056715397	0.077053464867715
MA0080.7	39719	0.752102215493818	0.0578397160623919
MA0081.3	39719	0.766171858503356	0.054826136579162
MA0687.2	39719	0.781530316020559	0.0511459511057496
MA0829.3	39719	0.749728923167195	0.0606185745896786
MA0084.2	39719	0.856268710891451	0.0783242044337875
MA0137.4	39719	0.810971925581227	0.0643542892575815
MA0517.2	39719	0.762506427605313	0.06437428912661
MA1623.2	39719	0.754588687603696	0.083911990717855
MA0144.3	39719	0.834744506791731	0.0604013160084132
MA0518.2	39719	0.818978408141639	0.060943558087194
MA1624.2	39719	0.77686961846502	0.0672470364502509
MA0519.2	39719	0.82966027438202	0.0600369615015747
MA1625.2	39719	0.770953406876952	0.070169562877244
MA0520.2	39719	0.792738296837994	0.0682133647723367
MA0091.2	39719	0.791546251750484	0.0552747657046044
MA0108.3	39719	0.811727594773849	0.103195809905314
MA0802.2	39719	0.783884530544158	0.0548424690250981
MA1565.2	39719	0.803315269403557	0.0527252013375281
MA0804.2	39719	0.673170363337901	0.0453961097350261
MA0688.2	39719	0.811508442316559	0.0512108931703447
MA1567.3	39719	0.794438580615294	0.0533646172064794
MA0521.3	39719	0.846753605004622	0.0833859995544755
MA1648.2	39719	0.860140572076974	0.0638057695861103
MA0832.2	39719	0.725375234718407	0.0591391593874956
MA1568.2	39719	0.79886614054173	0.043306617764105
MA0830.3	39719	0.840918359236303	0.0611508594000989
MA0769.3	39719	0.809589106668122	0.0786900719336893
MA0523.2	39719	0.806027902710834	0.0650259936396913
MA0632.3	39719	0.839453414865921	0.0757978213824618
MA0090.4	39719	0.766267640447207	0.0639376012373987
MA1121.2	39719	0.814472317440794	0.0658343211902738
MA0809.3	39719	0.791863797266507	0.0650432958268109
MA0810.2	39719	0.869831590080052	0.060456287966568
MA0003.5	39719	0.815290067124303	0.0680813717874704
MA0811.2	39719	0.851684869310027	0.0583043206490924
MA0812.2	39719	0.843138120369739	0.0689224242072324
MA0524.3	39719	0.848558124422517	0.0580800916814605
MA0814.3	39719	0.821776658435902	0.0665064864912644
MA1569.2	39719	0.866965007396014	0.0771282010820665
MA1966.2	39719	0.780776554586523	0.0501424193608013
MA1967.2	39719	0.710302355371002	0.0502362997586752
MA1968.2	39719	0.781570908536709	0.0529182782231539
MA1122.2	39719	0.840691151318189	0.071683100664255
MA0692.2	39719	0.818201511749746	0.0623097610910949
MA0871.3	39719	0.776554165223662	0.0691771971710659
MA0597.3	39719	0.845673621071838	0.0594582529737832
MA1969.2	39719	0.714462611833035	0.0399099596404795
MA1574.2	39719	0.780994686086406	0.0406887342111985
MA1575.2	39719	0.724822949208693	0.0447352759544129
MA1576.2	39719	0.718462920180812	0.0395119124837348
MA1577.2	39719	0.790974736722874	0.112710188061076
MA0861.2	39719	0.716345474872954	0.0448644614518654
MA1970.2	39719	0.763748439197664	0.0759173994894949
MA1123.3	39719	0.804235501415947	0.0609345781540253
MA0633.3	39719	0.84368476277434	0.0863057966752368
MA0721.2	39719	0.824244494628678	0.092028988197941
MA0093.4	39719	0.751027163791709	0.0624176952835344
MA0526.5	39719	0.730719071356454	0.0652499307342728
MA0722.2	39719	0.820966960567237	0.0790135645925594
MA0723.3	39719	0.871230366278168	0.0755277547315649
MA0693.4	39719	0.81038848114575	0.0703214013697343
MA1578.2	39719	0.886313495361704	0.0802531687813047
MA0725.2	39719	0.78382873573507	0.0904392507200293
MA0726.2	39719	0.774042703893993	0.0902822017815688
MA1627.2	39719	0.825954675112289	0.0685311476905896
MA0844.2	39719	0.755472771385385	0.0523505595405694
MA0095.4	39719	0.790718338422383	0.0730544221975953
MA0748.3	39719	0.834139339493841	0.0685132307402519
MA0749.2	39719	0.679471562531145	0.0485053359269711
MA1971.2	39719	0.809949579796644	0.0588594082632123
MA1649.2	39719	0.831485443860897	0.0682250705541986
MA1650.2	39719	0.824867036286234	0.0767685327322343
MA0698.2	39719	0.762400433813163	0.0549426596538978
MA1579.2	39719	0.821670753523721	0.0647813393047377
MA0527.2	39719	0.76613172732272	0.0648624453369664
MA1581.2	39719	0.813345999530056	0.058063046448669
MA0750.3	39719	0.82388656179388	0.0662526803976383
MA0694.2	39719	0.794973036638488	0.0569781883251468
MA0695.2	39719	0.84938393831406	0.0558552443671542
MA0103.4	39719	0.874841831148428	0.0670445344070679
MA2002.2	39719	0.872406767523509	0.0549945667684383
MA1651.2	39719	0.725237845751698	0.0595747939051138
MA1583.2	39719	0.82727493404939	0.0664971378736633
MA0146.3	39719	0.851372157542848	0.0688411994102391
MA1628.2	39719	0.866633360143738	0.0629080718474464
MA1629.2	39719	0.811834141406614	0.058623791430559
MA0697.3	39719	0.854577316566143	0.0695250842822377
MA0751.2	39719	0.79011737005121	0.0501203078519029
MA1584.2	39719	0.757405286024476	0.0533778344298154
MA1709.2	39719	0.749937334122044	0.06786106919933
MA1585.2	39719	0.762631314110077	0.0571324352401352
MA1973.2	39719	0.720733913712443	0.0491771023500105
MA1652.2	39719	0.823371850867622	0.0613908479148089
MA1589.2	39719	0.677258598007332	0.0402840436116927
MA1653.2	39719	0.838138354028175	0.0893164540374317
MA1654.2	39719	0.691566957564882	0.0375806900237851
MA1725.2	39719	0.794812887651385	0.0562532521451671
MA1974.2	39719	0.706146146165324	0.0682914940325587
MA1975.2	39719	0.751050742113565	0.0474317096489924
MA1710.2	39719	0.863238543816522	0.0542752513753591
MA0528.3	39719	0.871178615994415	0.0755397354607492
MA1592.2	39719	0.761530136732143	0.0474329389297485
MA1630.3	39719	0.843254154593862	0.0871689483792767
MA1154.2	39719	0.72519294666804	0.0432560961566094
MA1593.2	39719	0.802551946340062	0.0641910026298429
MA1976.2	39719	0.74351254818667	0.0506211049876231
MA1977.2	39719	0.758190208273676	0.0427370178694648
MA1726.2	39719	0.791506100851625	0.0583006115752254
MA1655.2	39719	0.814034759811428	0.0583701555230922
MA1711.2	39719	0.729057102190097	0.0485477528313814
MA1978.2	39719	0.690606817648807	0.0675952315684488
MA1125.2	39719	0.749148640437925	0.131164793774793
MA0752.2	39719	0.651224150889123	0.0515882836882403
MA1979.2	39719	0.790822148101061	0.05427141468003
MA1727.2	39719	0.825426168994741	0.0760093341001258
MA1656.2	39719	0.789969839215573	0.0560798812807804
MA1712.2	39719	0.781169267610195	0.0594306184596814
MA1981.2	39719	0.792707899497652	0.056710824792165
MA1728.2	39719	0.837185078610154	0.0612440097651529
MA1982.2	39719	0.774627755691089	0.0495787410786224
MA1983.2	39719	0.64884017986442	0.0426780942682591
MA1713.2	39719	0.801479219756897	0.0823656159077062
MA1657.2	39719	0.742689306142991	0.071000623889776
MA1984.2	39719	0.774681397417533	0.0468167331515614
MA1714.2	39719	0.721465015755571	0.0396695953336955
MA1729.2	39719	0.750508670195348	0.0582136253850027
MA1599.2	39719	0.77192496638791	0.0650012563702421
MA1600.2	39719	0.725117396433959	0.043382803507426
MA1986.2	39719	0.841006469104632	0.0739098269202132
MA1987.2	39719	0.776987789323148	0.0450776978249064
MA1730.2	39719	0.804694107364742	0.0551862630378617
MA0753.3	39719	0.802713865033214	0.0749435664455566
MA1716.2	39719	0.732744973835633	0.0460447453883582
MA1731.2	39719	0.838747784184851	0.0553649686296663
MA1717.2	39719	0.791791098933463	0.0576670788657833
MA1719.2	39719	0.731982999336324	0.0502940261891915
MA1720.2	39719	0.736068650550366	0.0550391046937718
MA1721.2	39719	0.77223529059678	0.0777635653995992
MA1602.2	39719	0.760554555364478	0.0480103740847792
MA1722.2	39719	0.688476434026691	0.0387203220574173
